2483536
2484611
2483790
2483703
2483696
2483394
2482130
2485521
2482726
2482513
2482211
2482391
2481391
2482825
2482781
2482750
2482329
2482041
2485096
2481395
2483406
2482746
2484599
2483808
2483523
2483232
2482600
2482737
2482139
2476084
2481488
2480958
2480929
2481523
2481478
2481695
2481357
2481938
2481319
2482328
2481905
2481547
2481035
2480937
2480355
2481850
2482974
2480989
2481145
2481094
2480979
2480960
2480620
2480350
2481033
2481541
2481220
2479607
2480473
2480323
2479603
2479602
2478733
2482892
2482867
2480253
2511083
2479276
2480352
2478267
2479465
2479685
2479513
2479383
2481036
2480907
2480878
2479403
2482882
2478541
2479413
2477696
2478248
2478131
2477988
2478310
2478233
2478206
2478202
2478201
2477986
2479436
2478712
2478685
2478533
2478231
2478306
2479441
2479054
2479600
2479401
2478997
2478912
2480472
2479447
2478551
2480581
2479598
2478787
2479143
2477083
2477847
2477834
2477771
2477725
2478341
2478625
2478463
2478000
2479031
2478736
2537670
2477621
2477598
2477375
2477268
2477219
2477199
2477592
2477473
2477221
2476548
2477836
2477807
2477705
2510067
2478790
2478725
2477634
2477613
2477619
2477279
2477231
2477187
2476018
2475951
2475773
2476728
2476408
2476274
2476268
2476257
2476253
2476185
2475995
2475939
2477863
2477744
2475663
2475651
2475647
2475623
2475592
2520445
2520383
2478249
2482747
2478296
2475113
2474787
2474539
2476024
2475975
2475781
2475723
2475479
2475462
2475440
2475416
2475400
2507909
2475628
2475593
2475586
2475576
2520080
2520064
2477973
2475278
2475241
2475162
2475120
2475104
2475102
2474881
2474529
2474443
2473791
2473787
2476447
2475687
2474088
2474248
1608044
2473909
2475365
2473801
2520046
2520018
2519870
2519789
2519530
2474576
2508303
2473780
2537536
3195637
2475147
2475106
2475058
2475032
2474958
2474909
2474781
2474771
2474719
2474708
2474625
2474482
2474411
2474388
2474134
2473789
2473772
2474328
2474184
2474137
2475202
2474229
2474094
2474061
2473989
2473827
2473782
2473736
2473734
2519476
2475131
2473216
2473183
2473105
2473093
2473092
2473067
2473065
2472916
2472861
2472799
2472773
2472689
2473433
2472930
2472895
2472849
2472714
2474080
2474091
2473402
2473414
2473380
2518848
1349664
2474960
2472835
2472807
2472713
2472657
2472650
2472646
2472619
2472617
2472589
2472520
2472503
2472374
2471956
2472777
2471919
2473388
2471999
2469398
2519842
2473044
2510950
2477917
2483475
2483461
2469851
2483537
2483420
2473064
2472993
2472642
2472600
2472295
2472307
2471427
2469585
2477715
2475071
2472517
2472444
2475069
2476996
2482790
2470826
2470796
6202973
2472856
2472641
2472543
2473785
2472353
2472332
2472324
2471523
2472557
2471867
2471357
2471633
2471585
2470335
2470333
2469302
2471234
2471207
2470995
2470948
2469271
2469207
2470557
3113134
2477943
2469756
2469738
2469646
2469606
2469600
2469598
2469482
2469469
2468878
2474578
2469742
2469611
2469236
2469759
2469753
2469554
2470871
2470237
2470033
2469747
2469522
2469389
3319640
2468800
2478391
2467566
2469516
2468755
2468434
2482278
2477010
2476967
2469648
2469494
2468740
2469481
2469313
2467878
2467510
2469591
2469590
2469138
2469068
2468953
2468935
2473738
2469213
2469141
2469070
2468963
2468847
2468852
2468625
2468415
2467775
2468108
2468487
2468168
2467852
2468771
2469175
2468250
2467547
2468814
2468652
2468502
2467986
2466746
2482766
3739723
2471988
2463142
2468390
2468006
2634593
2476720
2466683
2466585
2482096
2467266
2467148
2466994
2466965
2468038
2466005
2465595
2468436
2467130
2468126
2468068
2467460
2467275
2467147
2467009
2466991
2467457
2466432
2468129
2467187
2466918
2468605
2468394
2466626
2466625
2468526
2466348
2466342
2466118
2466116
2466000
2467149
2466589
2466088
2466004
2467425
2467280
2465600
2465997
2466609
2466380
2467435
2464884
2466894
2465458
2586631
2481574
2481229
2465478
2465475
2468040
2466122
2465484
2465899
2465480
2465103
2464736
2465482
2465783
2465524
2464243
2465287
2466183
2464877
2464689
2465318
2464904
2465534
2465463
2465414
2464872
2480820
2480771
2464687
2464259
2464248
2464686
2464090
2463854
2465339
2464351
2464537
2464671
2464176
2464099
2464094
2463887
2465293
2464093
2464869
2466939
2465246
2464283
2463159
2462634
2465273
2463834
2463619
2464355
2464239
2463037
2462997
2462959
2462955
2462630
2463165
2464644
2464643
2464246
2463985
2463969
2463961
2463833
2463794
2463472
2463383
2463158
2463836
2463098
2463014
2463228
2463850
2480064
2479951
2480095
2461126
2463844
2462455
2462456
2462446
2462283
2462193
2463701
2461192
2460899
2462065
2462062
2462043
2462016
2462470
2462249
2462207
2462026
2461407
2461190
2463891
2462485
2462449
2462095
2462222
2462069
2461997
2479810
2479760
2485175
2460959
2460929
2460881
2461246
2462621
2462507
2462407
2462197
2460705
2468946
2461458
2461092
2461064
2461057
2462369
2462530
2462217
2461124
2460889
2470965
2459255
2461144
2460970
2460449
2459417
2470758
2470684
2459269
2461024
2460953
2459414
2459408
2458205
2460318
2460921
2460376
2460901
2460292
2459215
2461118
2460790
2457281
2527982
2457928
2460541
2458673
2458426
2458211
2468338
2468318
2458956
2458196
2458190
2458333
2459398
2468252
2458846
2458805
2458802
2459873
2458035
2458532
2456651
2457613
2456687
2459423
2455773
2456302
2457504
2463624
2463568
2463642
2457877
2456268
2455007
2455275
2455005
2458258
2455709
2455700
2456397
2455964
2455936
2457605
2455973
2456172
2464110
2456609
2456402
2456362
2456102
2455992
2455941
2455907
2455862
2455615
2463421
2457555
2455950
2455864
2455804
2455802
2454343
2454315
2454560
2455441
2455421
2455310
2454984
2453888
2454017
2453457
2453927
2452751
2452745
2454461
2454262
2454252
2454023
2463144
2463127
2457436
2457151
2463267
2455951
2455870
2454329
2454254
2454080
2453999
2453957
2454576
2454575
2454514
2454508
2454482
2454911
2455012
2454995
2454943
2455017
2454930
2452326
2453968
2453649
2453622
2453453
2453449
2453447
2453937
2453218
2453220
2453198
2453119
2453064
2453021
2453014
2452952
2452713
2452495
2452467
2456527
2456513
2460980
2461009
2456210
2451965
2454676
2454708
2452217
2451767
2452592
2452571
2453070
2453322
2453132
2452721
2452606
2452802
2452734
2452604
2452379
2452370
2452333
2452111
2460792
853587
2454014
2453972
2451431
2452222
2451984
2451795
2451191
2451174
2451049
2452309
2452224
2450911
2452440
2452345
2453180
2453108
2453066
2453053
2452367
2452348
2452286
2451890
2472327
2472016
2469471
2585768
2451471
2451011
2451341
2450959
2450955
2451649
2451507
2451480
2452027
2451194
2451434
2451336
2451332
2451330
2451313
2451226
2451017
2450896
2450890
2450888
2450880
2450945
2450304
2451388
2450265
2452089
2451473
2449379
2450597
2450582
2451178
2451390
2450644
2450643
2450478
2450084
2450645
2450275
2450269
2450264
2450261
2449859
2459668
2459597
2449614
2449492
2449374
2449336
2450283
2450148
2450050
2449955
2449822
2449777
2449733
2450602
2449889
2449877
2449709
2450247
2457365
2457321
2457299
2448537
2449995
2448588
2448467
2447815
2448247
2447885
2447790
2511194
2449055
2451180
2448069
2447968
2448041
2449984
2490337
2449007
2448381
2448335
2448854
2447956
2448477
2448362
2451506
2447471
2446892
2449229
2448681
2448164
2448156
2447928
2448160
2447925
2450021
2448209
2456718
2448010
2448358
2448246
2447822
2447640
2447849
2446582
2446556
2449073
2447144
2447255
2447187
2447075
2446960
2511922
2511115
2447376
2448094
2446037
2448105
2447031
2446254
2446199
2445976
2483281
2447396
2448119
2446869
2446581
2446561
2446553
2453734
2445796
2445666
2447277
2446179
2446649
2446639
2445942
2445860
2445668
2445819
2445722
2445891
2441435
2446789
2446669
2446550
2446380
2447411
2426981
2445797
2444353
2448405
2447500
2444535
2446272
2445257
2445207
2444920
2444019
2443719
2445510
2445677
2652233
2450419
2447539
2445363
2445233
2444336
2445086
2444088
2447965
2445512
2444372
2444140
2445597
2443328
2442969
2443837
2443809
2435285
2445608
2443634
2461676
2445399
2444257
2443677
2444094
2443601
2443599
2443567
2443565
2443846
2443563
2443493
2443277
2443185
2442838
2442348
2443609
2443502
2442495
2444023
2443901
2443759
2443128
2442949
2442498
2443931
2443612
2443594
2443593
2443517
2510265
2442251
2442061
2455392
2441422
2447309
2441231
2441037
2443346
2443014
2442890
2441935
2442164
2442150
2442148
2442146
2441828
2447677
2442299
2442298
2442101
2441993
2441991
2443741
2442700
2441123
2441097
2441093
2441088
2441078
2440950
2440886
2447036
2441371
2441089
2441044
2439602
2439486
2445162
2443028
2441939
2441990
2442019
2440445
2439926
2439488
2440342
2441122
2440968
2440833
2440375
2439485
2440352
2440534
2440044
2440666
2443442
2440330
2440184
2436971
3000004
2440351
2438937
2438448
2438687
2441304
2440954
2440066
2439265
2438168
2439724
2439721
2439718
2439570
2443316
2438388
2438375
2439378
2439362
2439634
2437912
2438887
2439753
2439310
2438876
2438251
2449009
2439555
2443844
2437400
2482738
2438383
2438234
2438126
2438100
2476382
2438411
2439520
2438556
2438524
2438410
2438022
2437971
2438705
2438700
2438632
2586704
2439543
3280453
2438412
2461756
3822239
2596660
2437504
2437199
2437165
2437398
2436899
2436347
2435964
2446772
2438389
2437994
2436916
2436968
2436936
2435218
2437330
2437313
2437297
2437291
2437282
2437209
2436385
2436377
2439094
2439048
2436526
2436499
2441322
2437162
2436287
2436273
2436869
2436220
2435876
2443795
2443642
2437056
2443629
2436891
2435983
2434145
2436822
2436819
2435551
2435533
2437289
2436038
2435972
2435880
2436500
2436386
2586526
2435555
2435029
2433510
2432271
2431858
2431001
2442975
2435042
2433588
2434042
2435007
2432411
2434882
2435389
2435270
2433491
2434676
2433524
2431992
2431860
2432070
2430042
2437161
2429358
2433410
2455443
2436441
2436427
2434084
2433459
2433458
2430185
2430046
2429640
2429051
2443521
2435225
2432867
2431891
2431688
2431338
2430331
2430294
2430277
2430129
2430103
2430049
2429973
2429292
2429231
2428237
2427999
2431804
2431686
2422595
2427592
2427424
2440224
2433183
2433163
2432343
2428606
2428062
2427587
2431064
2429426
2428519
2427976
2427692
2428895
2428516
2428259
2428567
2428262
2427788
2436696
2426552
2427244
2422592
2427106
2426668
2426993
2427606
2427602
2427806
2442919
2427174
2464344
2425490
2426059
2425941
2427104
2426392
2427284
2427334
2427287
2441420
2482592
2427589
2426313
2426026
2425438
2427010
2424989
2425936
2426250
2426225
2427659
2427649
2427638
2425458
2426321
2426286
2426632
2425048
2426257
2426229
2425542
2425125
2426982
2426325
2426323
2424968
2425944
2259054
2425088
2426249
2425582
2424346
2424277
2423647
2424993
2422590
2424839
2426378
2424551
2425403
2425764
2426208
2424079
2424562
2424470
2427348
2425314
2424254
2425532
2424850
2424528
2592659
2424257
2425489
2425372
2425279
2423196
2425521
2424772
2424790
2424452
2424016
2425195
2424270
2424356
2423856
2424190
2423005
2477108
2584039
2422588
2423021
2423538
2424662
2423998
2423166
2423545
2423324
2424382
2424080
2423512
2423023
2423012
2422803
2423225
2423791
2423962
2423025
2423141
2424282
2427218
2424160
2424335
2423555
2423030
2422886
2422760
2423050
2440040
2428632
2422735
2421026
2422714
2423134
2422980
2423048
2422773
2422579
2422731
2421888
2422969
2422722
3543558
2421080
2423047
2422883
2423123
2440899
2422448
2532666
2421072
2422507
2428651
2422440
2422439
2421663
2421913
2421792
2422219
2423605
2422397
2422307
2422445
2421657
2422521
2422999
2422879
2423032
2439436
2440188
2442877
2443810
2442962
2585400
2579178
2420358
2462007
2585331
2422679
2585516
2422306
2441329
2421214
2423027
2421680
2421513
2422121
2421450
2421553
2422275
2421909
2421587
2420931
2422119
2421171
2421832
2421132
2420610
2421228
2421489
2422650
2420986
2420952
2421889
2421052
2420935
2420603
2424558
2420386
2420589
2421501
2420521
2420942
2420378
2420799
2440193
2420525
2420400
2421503
2420199
2420519
2418731
2420401
2420806
2420366
2421326
2419927
2257846
2420943
2419857
2420945
2420624
2419825
2421049
2421016
2420010
2419552
2420222
2419861
2420144
2419046
2443775
2420988
2420984
2419031
2419676
2421041
2420163
2418347
2419558
2419039
2419545
2640128
2419037
2418575
2419012
2419915
2417408
2418773
2418323
2418350
2419015
2419568
2418251
2418824
2418388
2417387
2419203
2418775
2419007
2417820
2420539
2419058
2419316
2417368
2417361
2417986
2417825
2428760
2417374
2417373
2418542
2418500
2418342
2418303
2419089
2417716
2418994
2418728
2419019
2417228
2441364
2417292
2417465
2416424
2417437
2417358
2417973
2418434
2417208
2408196
2418427
2417420
2415952
2417855
2418016
2408103
2417865
2417322
2472976
2417320
2415437
2416053
2416517
2416244
2416181
2416170
2414998
2415556
2415241
2416245
2408138
2417178
2416268
2416420
2415649
2416438
2416810
2416095
2408097
2415980
2415333
2415257
2416265
2416329
2416304
2416087
2415238
2407338
2407972
2417158
2408085
2408083
2408446
2408135
2407737
2414893
2408352
2416088
2396105
2415122
2415082
2407304
2407963
2420167
2407953
2415405
2408025
2406909
2408073
2415208
2407521
2408128
2407862
2415463
2406530
2416141
2406947
2408043
2424674
2407306
2406548
2415505
2406824
2406449
2407624
2406762
2408080
2430135
2407944
2415065
2476953
3146920
2407172
2406486
2415002
2405694
2415020
2406484
2406453
2405502
2405420
2406184
2405049
2406244
2405730
2405046
2428853
2428901
2406939
2405217
2407541
2406765
2406724
2404661
2405650
2405211
2405041
2404666
2406130
2405262
2405155
2407557
2406364
2405960
2405039
2404632
2403973
2405523
2405665
2405053
2405489
2404359
2405051
2404677
2403903
2407958
2403843
2405027
2404638
2404341
2405732
2405716
2404960
2404889
2405652
2405013
2403689
2403583
2403608
2419456
2405043
2404961
2404417
2406980
2403586
2404111
2403350
2402640
2403910
2403666
2403527
2405017
2403476
2403425
2402350
2403866
2403664
2404745
2403907
2404901
2405662
2404963
2402673
2403572
2403357
2402767
2403541
2403227
2403273
2404564
2403199
2403761
2403749
2403055
2402614
2404593
2404510
2402402
2402587
3142129
3143404
2404532
2403786
2404544
3142182
2402378
2402478
2402177
2402638
2403231
2402382
2402563
2402380
2403058
2403223
2402568
2402303
2402413
2403221
2399736
2402229
2402385
2402682
2401869
2402718
2401011
2400795
2402684
2401851
2399857
2399728
2403870
2428812
2399276
2429136
2402120
2423344
2401848
2401298
2399697
2401046
2401706
2401285
2401246
2400629
2399019
2435426
2399751
2401385
2475083
2400584
2399589
2401315
2399688
2400885
2399777
2399621
2400010
2399890
2400170
2399914
2405710
2405329
2398724
2399664
2398190
2398268
2398333
2399488
2397268
2399700
2399267
2398739
2397759
2399221
2399016
2398397
2397777
2399390
2397608
2399183
2397733
2401283
2397281
2401257
2398401
2398741
2399541
2398273
2399323
2397703
2395398
2397363
2399055
2398812
2397365
2402787
2402697
2397634
2397351
2398288
2396864
2396269
2397707
2398277
2398757
2397317
2397085
2395211
2397741
2397115
2397343
2398356
2398353
2397068
2397712
2398758
2396190
2397498
2390621
2397345
2397096
2397073
2394993
2398917
2397338
2394737
2397000
2396187
2396890
2396615
2397382
2397137
2396862
2398859
2395923
2395699
2406138
2394235
2394943
2395101
2393695
2395127
2394484
2396157
2427159
2391687
2406073
2395063
2395522
2396640
2406190
2394570
2394330
2416518
2394145
2392136
2394394
2395495
2394175
2393093
2395958
2406133
2392443
2393632
2425938
2394573
2393669
2393762
2391823
2390671
2394408
2392266
2392264
2398864
2393066
2392708
2390605
2393120
2392753
2395403
2392160
2391904
2391696
2391612
2393820
2393267
2391335
2391759
2390467
2390532
2392777
2390311
2388912
2388545
2390345
2392115
2391586
2391402
2392851
2392729
2391255
2392850
2390315
2391438
2391131
2390986
2512302
2388735
2390931
2389098
2390330
2393109
2389492
2389116
2389989
2391145
2391741
2390720
2390782
2390879
2390882
2390428
2388705
2388332
2387490
2388532
2388395
2387049
2386300
2389082
2388737
2388817
2388913
2388392
2387434
2389707
2390406
2388732
2389708
2385960
2387495
2385568
2390665
2385782
2388998
2388362
2388104
2388022
2386984
2391337
2385063
2385989
2390698
2387008
2387427
2385938
2391469
2387080
2390606
2390785
2387335
2384648
2387491
2385622
2388963
2388057
2385739
2384029
2385640
2385237
2385446
2385956
2385828
2386828
2387006
2384922
2387436
2385606
2383868
2386083
2383907
2383790
2390211
2393250
2397760
2384336
2385463
2385751
2385565
2383513
2390134
2383958
2384834
2384755
2387843
2360823
2358833
2361014
2360061
2383885
2383144
2384081
2383446
2360301
2406189
2383433
2383716
2383129
2384142
2360751
2360515
2360723
2385944
2435494
2383849
2384166
2358401
2403517
2358035
2359564
2359623
2358860
2360409
2383085
2360190
2359131
2359026
2359214
2422858
2360968
2357845
2357831
2358496
2360258
2357850
2358156
2357833
2359305
2357847
2359282
2358723
2360280
2357851
2357078
2386119
2390120
2359268
2359215
2358773
2357854
2357048
2356883
2356900
2358228
2356532
2358226
2357615
2355680
2357386
2357671
2357807
2356219
2356957
2358629
2390020
2356174
2355196
2355730
2357262
2355194
2357371
2356902
2356157
2357652
2357046
2358453
2359270
2358493
2355840
2355366
2354884
2356104
2356018
2355025
2384473
2355363
2357423
2356530
2355027
2356022
2357733
2357700
2355559
2357425
2356017
2355856
2355353
2359468
2354989
2354028
2355533
2355655
2383161
2356421
2354115
2354954
2354815
2355190
2352407
2354766
2356274
2354956
2354786
2355520
2355148
2354667
2354657
2355052
2354654
2355076
2354359
2354070
2354668
2354380
2353725
2354736
2354393
2353726
2353723
2354044
2354029
2353782
2355100
2383186
2354097
2393101
2397452
2356165
2353676
2353342
2352699
3723429
2398922
2353320
2353638
2352297
2353762
2352314
2353446
2353728
2353669
2353672
2352607
2352655
2353170
2353298
2352670
2351284
2351355
2353599
2353465
2352391
2352477
2353469
2359401
2351476
2352795
2353467
2353344
2353444
2353512
2352652
2351769
2351290
2351386
2353346
2353471
3209774
2352994
2353227
2352285
2352316
2350469
2352593
2350131
2352270
2351819
2350114
2350536
2349807
2350326
2353216
2351309
2349995
2352202
2350236
2350301
2349748
2350766
2350879
2349200
2350234
2349909
2349920
2349526
2348303
2349964
2347068
2348998
2350936
2350789
2350834
2350977
2351293
2349934
2349852
2350590
2349212
2359347
2348285
2349927
2349905
2348680
2348580
2348556
2347032
2349196
2348462
2348582
2349535
2347036
2348788
2323438
2354394
3348064
2348435
2348137
2347349
2349865
2348168
2349907
2346732
2349363
2348677
2345911
2345314
2348962
2348215
2345152
2347547
2346395
2346412
2346729
2347009
2346575
2345558
2344715
2344712
2346816
2346892
2346189
2347590
2348286
2346937
2347628
2348229
2346420
2346538
2345676
2346794
2345933
2345007
2345885
2345580
2346059
2347558
2346260
2346542
2345768
2344721
2347618
2345889
2344708
2345006
2345642
2344910
2346185
2346934
2344099
2344710
2343950
2344680
2346936
2344988
2345485
2345434
2343767
2351188
2342869
2344272
2344717
2344392
2343390
2345424
2344050
2343992
2386008
2345542
2344990
2423488
2344245
2344482
2344440
2345487
2344247
2344017
2344719
2386143
2342914
2349810
2344244
2345404
2344386
2344269
2346604
2342987
2342766
2342783
2341589
2341580
2340644
3709472
2342636
2341429
2343013
2342199
2343498
2342769
2341158
2342359
2343479
2340873
2340622
2343667
2341896
2342537
2341545
2343373
2340566
2341504
2344137
2342090
2344122
2347582
2352594
2343231
2341594
2341547
2341597
2323098
2341590
2340568
2342250
2343744
2340473
2340204
2341986
2340842
2341665
2341432
2341167
2323417
2340771
2344867
2340786
2340162
2340666
2340282
2323435
2341380
2340328
2385991
2322426
2341177
2340209
2340897
2340520
2322947
2322383
2322587
2341585
2340931
2340188
2323308
2322391
2322682
2340190
2340211
2322759
2321064
2322961
2321250
2323246
2321597
2322584
2322893
2322885
2340296
2322582
2323036
2322512
2322700
2322712
2322732
2322757
2340228
2341340
2322367
2322959
2322860
2322217
2321223
2341164
2321099
2320560
2322381
2322219
2321225
2321096
1442914
1444165
2321981
2321253
2316929
2387534
2322880
2320504
2321032
2320572
2322421
2322221
2320583
2321946
2320494
2322661
2321949
2321761
2322826
2322543
2322371
2321985
2321512
2321241
2320509
2321078
2320805
2320782
2386002
2320838
2320213
2322290
2320315
2321825
2320495
2320313
2320109
2318676
2320175
2321837
2320218
2320098
2320842
2320054
2322054
2320611
2321850
2321148
2320581
2319972
2318679
2319740
2343428
2318972
2321248
2321893
2320209
2321136
2320093
2321860
2398990
2321103
2321098
2320279
2321685
2320615
2321146
2320071
2319520
2320846
2320571
2320060
2319674
2318531
2318413
2318397
2319164
2318298
2437114
2320742
2320248
2320141
2318386
2319387
2320501
2318977
2321018
2320126
2320308
2320151
2318318
2318968
2319034
2318581
2320293
2320052
2318181
2318333
2320018
2318966
2319605
2322949
2316963
2318296
2318560
2318692
2320075
2318734
2318548
2317283
2318324
2318443
2318428
2319027
2318762
2318733
2318611
2317069
2316931
2319778
2318377
2318764
2316521
2318558
2317087
2319808
2318731
2318970
2318761
2317996
2454765
2404722
2404828
2316489
2318699
2318438
2318393
2318379
2404809
2318202
2405640
2453615
2316535
2404708
2316747
2317380
2318345
2318433
2610629
2610621
2610613
2610602
2422142
2404759
2317143
2344819
2319172
2318403
2318390
2316757
2610566
2610331
2318394
2318704
2318621
2404801
2318199
2404668
2317331
2405506
2318606
2316689
2316426
2316927
2315519
2316442
2316615
2315764
2315017
2316507
2316690
2315501
2316503
2349840
2323081
2315212
2314658
2316724
2316715
2314787
2314501
2316744
2314037
2428985
2314790
2313882
2357885
2314859
2315127
2315807
2314252
2315930
2316713
2314511
2316701
2314940
2314653
2313721
2340889
2314583
2314096
2313917
2313275
2314629
2313286
2315865
2314403
2314044
2315275
2314070
2314633
2314287
2314102
2313271
2314820
2314580
2314744
2314404
2314302
2313963
2314497
2313688
2313647
2313707
2314435
2313348
2314627
2313974
2313243
2354404
2313624
2314478
2312653
2313352
2313662
2313230
2314098
2312637
2313308
3145729
2313302
2313334
2313265
2313028
3048812
2341509
2341611
2314467
2340798
2312635
2341463
2311466
2313607
2322996
2313247
2313010
2312968
2312904
2313643
2341673
2313262
2313077
2312842
2313257
2313103
2312893
2312604
2313062
2312332
2312854
2312947
2313901
2313242
2341778
2323210
2312602
2311448
2310604
2313130
2314515
2314481
2311873
2311451
2312318
2312437
2312482
2311096
2313141
2341304
2307887
2312590
2312570
2311513
2313157
2311747
2310048
2311961
2310038
2310662
2310574
2310759
2312883
2310733
2310434
2314717
2310260
2309937
2311098
2310957
2313742
2310982
2310734
2312085
2310756
2310025
2309953
2309728
2310695
2311429
2309912
2311625
2318788
2310752
2310026
2310416
2309944
2308217
2310989
2310413
2309756
2311121
2309553
2310335
2313480
2309407
2309265
2310749
2308358
2313534
2310027
2308420
2313494
2308131
2311302
2310265
2308378
2311028
2309515
2308334
2308326
2308816
2307825
2308493
2310124
2309743
2309933
2308472
2307568
2310142
2310042
2308469
2310226
2308494
2313419
2311461
2309401
2307780
2309741
2308994
2315628
2307931
2307917
2310841
2307560
2307566
2315552
2315522
2307629
2307991
2307856
2306381
2311100
2308824
2308496
2308304
2308804
2307581
2307667
2307558
2308745
2315616
2315461
2309154
2307854
2307327
2307574
2307544
2306874
2306624
2307108
2307098
2307920
2306979
2305854
2307570
2308147
2306972
2306652
2307938
2306170
2306055
2305999
2305839
2306426
2306456
2307539
2305500
2307537
2305833
2307080
2306575
2305831
2304912
2305061
2305791
2306936
2306601
2305823
2304070
2305477
2304039
2306749
2304305
2306927
2306554
2305827
2305203
2305695
2306339
2304151
2304508
2304474
2304758
2304137
2310762
2304859
2304013
2305825
2304158
2304068
2305502
2304757
2304053
2305498
2305295
2304844
2304337
2304140
2304077
2305841
2303885
2303784
2303887
2305856
2303058
2304159
2301580
2302124
2313565
2304941
2303801
2303242
2303798
2304043
2302798
2304172
2302465
2302090
2304120
3887776
2302923
2303557
2303803
2302298
2303132
2303221
2466322
2302925
2301968
2303999
2302105
2304509
2302946
2301867
2301973
2301578
2302209
2303609
2301852
2302096
2302123
2301866
2301854
2302796
2297176
2301546
2301233
2303957
2303709
2303157
2300955
2302614
2300835
2301860
2301568
2302113
2300837
2301111
2300852
2300868
2300834
2300870
2299900
2301873
2271977
2300588
2301662
2301869
2301052
2300742
2300827
2299917
2300504
2300471
2299875
2300745
2300168
2300585
2300620
2300521
2300778
2300171
2304154
2299876
2300117
2320497
2299949
2300499
2300382
2300410
2300365
2302085
2298184
2301356
2299644
2300526
2298189
2301338
2299890
2301371
2300594
2300254
2300532
2300282
2299397
2300019
2300241
2299947
2299304
2298396
2302065
2300021
2300422
2300271
2302076
2298408
2301265
2300772
2300798
2298569
2300434
2301255
2296782
2298554
2298633
2297146
2298713
2299359
2298085
2297889
2298329
2300182
2297906
2348217
2298914
2298573
2299548
2300190
2297926
2298139
2299300
2299587
2298346
2298098
2297990
2299614
2298081
2296777
2296855
2296780
2297446
2297464
2297652
2296814
2297831
2295503
2295160
3232552
3791712
2305592
3791755
3837371
3837266
2304798
2295815
2294894
2295397
2296464
2300473
2295637
2294645
2295109
2297182
2295808
2296389
2296220
2350571
2296268
2422223
2295855
2295810
2296109
2293572
2294896
2294654
2294298
2294648
2295076
2293985
2295787
2295742
2294237
2294695
2293761
2295776
2295097
2295044
2295396
2299473
2295745
2296116
2295769
2293455
2344991
2294287
2294188
2294646
2294723
2293433
2293752
2613257
2293237
2293646
2294205
2294047
2293208
2345717
2294653
2293448
2294657
2294299
2343499
2293967
2301885
2294211
2294277
2293336
2293863
2293178
2293179
2293054
2292830
2293612
2294043
2292617
2293927
2292851
2293615
2292664
2294266
2298023
2293943
2294693
2293602
2292969
2293438
2293456
2313449
2292877
2304766
2301562
2310845
2293329
2291751
2292607
2292559
2293323
2292923
2292957
2293056
2291099
2314188
2293244
2314546
2309331
2293155
2293326
2292962
2297448
2292995
2291753
2291358
2291149
2291602
2292394
2291723
2291608
2291962
2292991
2291710
2291379
2290594
2291604
2291755
2293182
2291588
2291131
2291193
2291177
2285243
2290966
2289874
2290169
2291486
2291199
2291098
2292746
2291282
2291106
2291721
2291019
2291861
2290916
2290796
2291813
2291241
2290139
2291326
2291211
2290373
2291815
2290601
2291863
2289611
2288905
2289733
2291865
2290398
2288258
2288285
2288919
2305653
2288694
2291233
2290280
2289648
2288513
17406598
2288233
2304819
2288263
2290628
2288907
2288125
2287897
2288127
2288555
2289897
2289041
2289000
2288257
2290617
2288996
2288602
2287507
2287423
2287449
2310940
2286250
3669880
2305365
2287742
2287021
2287943
2291189
2287929
2287899
2286049
2293284
2287947
2286054
2398879
2286877
2287372
2287845
2287514
2286063
2287613
2286317
2287007
2286886
2285383
2287788
2286207
2286204
2287057
2287831
2287508
2286978
2286628
2287147
2286200
2284424
2286512
2286061
2287787
2287692
2287023
2286474
2286297
2287134
2286287
2286078
2286060
2285021
2285169
2283460
2286359
2286096
2286252
2286083
2287107
2285606
2286101
2285663
2285171
2287082
2286342
2292189
2286162
2284439
2284830
2282758
2285379
3156578
2285193
2286182
2286304
2286155
2285256
2285462
2284594
2284360
2286678
2286010
2285182
2285118
2283441
2284426
2286306
2285367
2284825
2284089
2286032
2286006
2285989
2285496
2282870
2283182
2283469
2284283
2283180
2283824
2284799
2284375
2284368
2284659
2284608
2284356
2285727
2284341
2283448
2283809
2283293
2283810
2286950
2282696
2281640
2283218
2282966
2282601
2289780
2283805
2284131
2283450
2283454
2283465
2283219
2281659
2282406
2283452
2282645
2283747
2283178
2282395
2283198
2301547
2287670
2287553
2282408
2281920
2282549
2282571
2280876
2282383
2281984
2282495
2282700
2281619
2280858
2285376
2282510
2282268
2281508
2281252
2282790
2282209
2281670
2281131
2282380
2282412
2307100
2282538
2281280
2281698
2281127
2286420
2280865
2281129
2282356
2281276
2281240
2281506
2280844
2282238
2281465
2287156
2281125
2281638
2280752
3043393
2281622
2280494
2281501
2281615
2282388
2281238
2281668
2280512
2281208
2280870
2280763
2280466
2280760
2281056
2279572
2279997
2281245
2281425
2281601
2280728
2280510
2280132
2280853
2279689
2279746
2280349
2281531
2281654
2280823
2281356
2281436
2281284
2280862
2279515
2278868
2279524
2280155
2279691
2280252
2279547
2280814
2279961
2279550
2280767
2280435
2279824
2279412
2279165
2279175
2278272
2278392
2279539
2278870
2278211
2279191
2278082
2278811
2279095
2278590
2278603
2279736
2279136
2279734
2279092
2279440
2279548
2278813
2441271
3258947
2279154
2299793
2279158
2278390
2278383
2278357
2278296
2279101
2278030
2278021
2278072
2278396
2278257
2278052
2277968
2277937
2278268
2278364
2278278
2277805
2277970
2279085
2278264
2278210
2277971
2278271
2274039
2278760
2278286
2278824
2277883
2277704
2278179
2277905
2278055
2277053
2276334
2276372
2277874
2278314
2278062
2278274
2276235
2277336
2277345
2277880
2276677
2277840
2277732
2276220
2278387
2278175
2277367
2277963
2275774
2276728
2277958
2277347
2276233
2277553
2277126
2277781
2277844
2276476
2276394
2277420
2276646
2277268
2275764
2277240
2276599
2277718
2277836
2276704
2276598
2277262
2277264
2276683
2277280
2277595
2275890
2276885
2280892
2275643
2275567
2276638
2275970
2275579
2275708
5743772
2275681
2275757
2275638
2276492
2276009
2275623
2270939
2276337
2275697
2275711
2275343
2275571
2275133
2275534
2275576
2275470
2275478
2275490
2291918
2275788
2275734
2275565
2200754
2275803
2275268
2275226
2275219
2274889
2313460
2275221
2309286
2276003
2275960
2275824
2275817
2274872
2276055
2276060
2275488
2275828
2606141
2275726
2275231
2275173
2358809
2275130
2275179
2275192
2276074
2274861
2275049
2275566
2275178
2274816
2282922
2293574
2275046
2275830
2274501
2416319
2274225
2275094
2274859
2275136
2274880
2273740
2274548
2275340
2274533
2275846
2269072
2274884
2274683
2274564
2275342
2274393
2275180
2274378
2274546
2274514
2274720
2274250
2274355
2274529
2276717
2274094
2273945
2273783
2273613
2274806
2274563
2274016
2274517
2273725
2274231
2274505
2274399
2274676
2274557
2274228
2274894
2274017
2281297
2274802
2273943
2273781
2273611
2274297
2274129
2274410
2274050
2273763
2274164
2273357
2273947
2273731
2273684
2274298
2273718
2273652
2274180
2276805
2273919
2273756
2274141
2273628
2270777
2273639
2274052
2274138
2272658
2272663
2273663
2271161
2279807
2279724
2273291
2272656
2273685
2279608
2272418
2273372
2273711
2276883
2273727
2278441
2271831
2272751
2273270
2273259
2272587
2272348
2272608
2272213
2273286
2272603
2275061
2273285
2272475
2272457
2272477
2272469
2271508
2270595
2271749
2270268
2270092
2271825
338791
2271823
2270747
2270966
2271615
2270791
2270907
2271799
2271612
2271114
2270338
2270741
2270166
2272404
2270964
2271499
2275089
2272627
2270336
2271800
2271510
2271375
2270580
2270971
2270830
2270592
2270170
2271506
2270583
2270539
2270776
2270852
2270606
2270154
2270235
2269462
2270855
2270581
2270298
2270940
2270240
2270263
2270253
2270912
2269841
2270970
2271536
2269925
2271546
2270928
2270612
2270945
2271698
2271474
2270886
2268226
2269977
2271577
2268790
2269437
2270172
2269484
2269115
2268863
2269432
2268905
2292435
2269577
2292528
2268774
2268795
2269434
2268909
2270833
2269435
2270570
2270710
2278321
2269586
2269147
2270261
2270467
2268786
2268798
2268861
2269417
2269797
2269252
2268610
2269016
2268794
2269563
2269027
2270498
2270294
2268789
2268773
2268409
2271836
2267902
2267602
2267699
2271568
2343199
2268109
2268169
2268976
2269154
2267947
2268972
2268263
2267712
2266365
2268406
2268949
2269181
2271249
2268350
2268145
2268978
2266232
2267625
2268400
2267877
2267290
2267250
2266674
2267246
2267628
2267424
2281441
2267786
2267895
2267558
2267499
2267426
2267801
2267554
2268343
2267437
2268878
2267550
2267428
2271597
2265072
2266134
2243017
2267516
2266791
2266339
2266734
2266728
2266840
2266870
2266804
2266412
2265995
2267443
2266570
2265779
2266532
2266263
2266787
2265762
2266600
2265769
2265057
2265473
2264989
2264605
2266370
2265702
2265412
2265714
2265414
2266113
2266875
2266030
2266125
2265631
2265832
2266367
2265393
2265735
2266066
2266017
2267083
2266369
2267940
2265471
2264862
2265016
2265155
2264774
2265411
2265475
2265409
2264722
2264391
2265992
2267891
2263901
2265187
2264641
2265395
2265407
2264155
2264444
2264639
2263737
2263362
2264637
2264936
2267748
2265451
2265192
2264792
2264808
2264333
2262786
2264770
2264267
2264702
2264780
2264786
2264495
2263051
2249247
2265327
2264470
2264052
2263702
2263161
2264633
2264272
2264790
2261025
2263165
2263935
2263168
2264035
2264778
2263710
2263567
2263170
2262851
2262776
2262656
2262977
2262288
2264280
2261494
2262698
2261254
2262772
2261066
2260765
2429395
2262453
2261124
2262355
2262617
2260737
2262585
2286772
2261711
2263054
2263672
2261748
3000166
2311557
2261279
2265454
2261174
2262121
2262149
2263007
2262240
2262424
2261898
2261944
2262592
2262416
2261672
2260831
2261670
2261688
2261668
2260974
2260790
2261847
2260739
2261829
2426972
2260943
2260860
2260411
2260839
2260643
2269843
2260339
2269937
2260285
2259771
2260934
2260128
2259714
2260282
2269883
2295524
2259510
2258768
2259628
2260343
2259085
2259794
2259551
2259032
2259492
2259452
2260360
2259562
2259524
2258824
2258416
2266067
2265901
2259574
2258834
2257920
2258733
2265962
2268021
2259175
2258826
2259134
2259465
2258963
2257798
2259013
2258952
2259459
2259569
2258832
2265859
2259554
2258388
2258739
2268449
2258547
2258383
2270094
2258579
2258560
2323134
2257786
2257076
2268489
2268570
2254405
2342830
2259442
2259110
2257156
2270031
2259158
2257785
2259365
2259189
2258655
2257887
2257883
2258969
2258647
2258418
2258175
2257875
2268730
2257899
2257902
2257403
2257907
2257557
2257913
2257693
2268692
2258870
2257904
2255788
2256786
2258375
2256802
2257154
2256456
2256702
2257499
2256785
2256406
2256617
2256790
2260516
2255159
2255032
2254906
2254971
2255208
2399021
2255273
2258987
2255225
2255270
2254978
2255310
2255238
2256220
2255590
2260450
2258974
2255691
2255984
2254620
2256233
2254162
2254013
2254635
2254976
2254613
2254602
2254980
2254969
2254199
2254203
2254770
2254181
2254055
2256369
2279618
2253445
2254616
2252351
2253372
2254776
2254597
2253901
2252876
2260535
2263112
2253481
2254680
2263205
2252159
2253665
2254796
2253920
2254622
2253886
2253422
2254623
2254376
2254827
2254741
2254146
2252265
2253853
2255754
2252060
2252388
2252096
2248358
2252113
2252100
2252352
2251950
2251529
2251809
2251988
2251775
2251756
2251461
2252042
2248245
2251559
2252413
2252127
2251811
2250397
2252024
2251760
2252469
2252058
2251971
2251736
2257842
2251684
2251975
2251689
2251994
2251953
2252009
2251439
2251815
2251758
2250623
2256141
2251562
2251280
2251277
2250676
2251070
2250679
2251473
2249963
2251278
2251335
2251049
2250586
2249599
2251214
2251145
2251066
2250904
2250930
2251073
2250778
2250602
2250358
2250618
2250772
2250442
2251104
2250024
2250673
2250668
2250308
2250648
2250451
2250776
2251251
2253974
2249009
2250768
2250620
2249831
2249238
2250647
2250616
2250152
2250233
2249967
2250237
2250161
2249977
2249974
2249905
2250641
2249241
2250246
2249631
2250140
2250247
2250236
2248706
2248682
2249224
2250188
2249830
2304269
2250094
2249633
2250163
2249622
2248982
2254228
2249628
2251751
2248354
2249715
2250732
2249775
2249655
2249450
2248963
2248462
2248849
2249158
2249548
2249675
2249101
2249695
2249464
2249499
2249639
2249429
2249061
2249011
2249793
2253953
2249388
2253990
2249294
2249601
2248612
2248465
2255711
2247546
2248907
2256096
2248334
2248330
2247530
2246541
2248314
2247479
2248316
2248188
2256106
2247590
2246307
2256076
2247175
2247752
2247563
2248349
2246810
2246949
2247073
2246723
2247053
2247197
2247055
2247442
2247430
2247065
2246978
2254007
2246755
2247047
2245984
2246682
2246305
2246582
2246987
2247236
2246522
2247057
2246427
2247252
2246133
2248223
2246135
2245982
2260576
2245675
2245632
2246142
2245565
2245636
2246136
2246144
2244963
2245452
2245596
2246672
2245286
2245291
2245330
2246662
2247224
2245989
2244611
2244749
2246652
2244553
2244706
2245333
2245285
2244911
2244210
2245612
2244954
2244996
2246685
2245657
2245342
2246016
2254001
2258979
2253984
3330836
2245655
2245626
2262822
2245214
2244581
2245323
2244006
2248534
2244334
2244248
2245164
2248614
2245294
2244998
2244537
2248207
2244672
2244716
2244751
2244533
2246004
2244608
2243793
2243735
2243849
2244005
2244490
2243343
2243752
2244003
2243926
2243989
2243749
2243924
2243770
2244601
2244579
2244605
2244480
2248235
2243637
2243747
2243796
2242467
2243301
2243364
2287939
2243368
2241554
2244244
2243786
2242882
2243321
2243339
2243022
2243795
2242922
2242465
2243077
2243322
2244009
2242372
2243320
2242854
2242856
2243181
2242808
2242389
2242811
2242952
2234722
2242401
2243185
2242253
2242885
2242984
2243365
2242831
2242813
2242463
2242293
2241752
2241754
2242330
2242241
2241390
2242891
2241993
2242274
2399031
2242386
2242325
2242777
2241764
2242289
2242294
2242239
2242420
2242308
2241632
2241610
2242272
2242327
2241552
2242243
2240779
2242925
2240282
2240649
2241906
2241944
2241612
2241182
2241907
2240983
2240912
2240127
2240014
2240543
2239931
2240913
2240622
2240858
2240701
2240582
2239935
2240548
2239828
2239971
2240227
2240817
2240260
2240017
2239474
2240359
2239973
2240868
2239169
2240003
2239486
2240020
2239537
2240061
2241556
2239975
2239927
2240032
2239164
2239884
2240255
2239904
2239498
2239231
2238812
2238712
2239751
2239575
2239171
2238868
2653040
2241512
2239157
2238687
2238284
2238533
2239929
2239572
2239573
2238329
2241493
2239500
2238428
2238304
2238869
2238302
2239512
2237184
2237904
2237712
2237801
2237031
2237853
2237311
2237138
2237932
2237174
2238266
2238622
2237852
2238965
2237753
2238139
2237902
2237867
2237802
2240095
2237745
2238156
2236767
2236602
2236898
2237188
2237345
2237858
2240152
2237582
2237307
2236900
2236763
2241534
2237096
2237163
2240183
2236876
2236945
2236902
2236688
2237135
2235761
2236924
2246029
2238264
2236920
2236467
2237094
2234753
2237070
2236603
2237052
2236260
2236570
2235769
2236926
2236769
2236438
2236559
2241465
2238352
2236073
2236416
2236172
2235562
2235281
2236562
2236548
2235760
2235947
2236068
2236170
2235758
2235587
2235171
2235148
2234422
2235291
2234035
2236034
2234551
2236487
2235585
2235051
2234754
2235560
2235534
2236542
2235565
2234316
2234322
2235919
2234706
2235605
2234031
2233864
2234205
2233900
2299805
2234475
2238242
2234029
2235121
2234161
2232882
2233665
2233890
2233701
2233301
2232686
2232521
2233196
2233788
2232731
2233707
2234282
2233669
2233242
2233617
2234039
2233178
2233875
2233732
2233671
2232660
2232684
2233866
2232925
2233005
2230763
2232556
2232447
2233256
2232965
2232455
2232449
2233267
2232307
2231142
2232064
2233185
2232523
2232134
2232183
2232221
2232532
2232443
2233258
2232158
2230876
2231027
2231230
2231754
2232421
2230300
2230939
2232143
2230889
2231949
2231236
2232109
2232539
2232411
2231847
2232052
2304212
2230308
2230755
2230068
2231167
2230207
2231465
2230870
2230190
2230970
2229796
2230976
2229812
2230205
2230105
2230557
2229682
2229806
2229189
2229803
2229811
2229527
2229513
2230216
2230800
2232566
2229714
2228905
2229801
2229755
2229691
2229190
2229731
2229294
2229071
2229489
2231187
2229417
2228892
2229815
2229441
2229096
2230622
2229529
2229735
2229333
2229154
2228797
2228784
2228960
2228785
2228994
2229395
2228255
2229162
2228799
2228496
2228780
2228482
2277242
2232579
2225183
2227294
2228446
2227584
2227738
2228202
2228791
2227378
2225180
2228788
2228794
2227565
2227370
2277678
2228031
4202610
2227428
2229031
2227415
2227596
2227222
3822611
2306577
2226486
2226044
2226809
2226397
2226425
2227496
2227327
2228037
2226035
2225174
2227016
2226105
2226374
2257078
2257192
2225404
2257287
2227020
2226532
2229629
2225972
2226351
2227034
2257236
2256705
2226896
2257158
2225354
2225159
2222503
2225456
2226860
2226544
2224033
2230795
2224960
2225469
2223975
2230798
2224255
2225316
2224188
2225496
2225373
2223226
2223227
2225775
2223633
2223451
2224798
2224734
2225064
2223495
2223756
2223159
2224135
2222520
2223328
2224198
2224620
2218036
2224097
2222077
2225014
2224506
2222463
2223249
2224153
2224076
2223965
2222560
2223723
2223372
2223542
2223231
2222496
2222264
2229335
2223007
2223970
2222285
2223039
2223180
2221646
2222595
2223162
2222361
2222309
2222469
2221478
2221673
2221635
2222501
2222465
2221611
2221569
2221642
2225224
2221268
2220823
2220545
2222650
2221454
2221020
2221086
2220641
2229338
2231309
2221001
2220572
2217360
2219640
2225217
2220497
2220272
2220940
2219592
2220358
2220754
2221005
2219638
2219831
2220964
2220976
2220978
2220659
2220704
2220492
2220753
2219651
2220508
2219900
2219580
2220073
2221000
2220506
2219561
2219576
2219753
2219563
2219876
2219936
2219175
2218675
2219849
2219530
2220500
2220499
2219215
2218155
2219351
2218509
2219048
2218113
2217988
2218520
2217916
2219366
2218099
2218529
2217993
2220629
2218097
2218335
2406248
2216996
2217197
2217946
2217143
2217921
2215112
2218152
2216945
2217184
2216929
2217146
2218068
2216308
2216305
2218537
2217949
2222236
2207292
2217225
2217019
2216944
2216918
2216621
2217253
2215941
2216595
2216711
2216596
2220534
2216589
2216199
2216643
2213890
2216341
2218033
2215656
2218004
2215659
2216344
2215553
2215173
2215693
2215649
2216035
2215936
2216457
2216390
2216055
2216339
2215614
2215346
2214782
2215975
2214680
2214757
2214390
2216147
2215291
2214693
2215426
2215169
2215289
2215952
2215219
2215424
2270831
2226063
2213442
2229381
2215736
2213439
2213942
2218623
2214429
3184681
2215394
2214397
2214407
2214682
2215352
2213578
2214924
2215088
2214860
2214442
2213863
2214689
2214895
3184267
2214467
2213104
2213265
2213162
2213339
2213569
2214533
2213146
2213876
2213936
2212934
2214519
2214583
2213938
2213127
2213860
2213703
2213481
2213454
2213319
2214875
2213861
2213650
2212740
2213261
2213011
2212717
2212746
2212737
2212830
2212726
2212872
2212393
2212353
2212359
2213031
2213023
2213056
2213044
2212661
2212082
2211420
2211445
2211735
2211714
2212572
2212265
2213035
2213037
2212091
2211743
2212827
2212582
2212357
2213069
2210878
2212267
2211806
2210905
2210860
2210269
2211182
2211978
2210555
2212087
2211583
2211723
2211716
2214208
2212296
2211178
2211163
2211115
2210589
2223078
2211159
2210477
2211186
2210958
2208937
2211223
2211581
2211480
2209889
2211374
2209878
2210592
2211175
2210501
2209813
2209326
2210456
2209437
2448952
2218631
3154239
3153084
2210102
2209864
2223067
2585845
2209635
2209906
2209731
2209456
2210745
2209661
2206612
2211246
2208934
2208955
2211355
2209518
2210481
2209138
2209662
2208502
2287928
2215722
2209041
2208563
2207094
2208308
2206909
2208212
2210893
2208356
2208326
2208061
2209017
2208309
2208503
2208471
2210461
2208305
2208027
2211325
2205747
2205087
2208065
2207667
2207582
2209439
2208288
2207631
2208633
2210457
2206954
3167769
2208069
2207066
2206863
2209532
2207057
2206683
2206559
2204895
2212235
2206915
2206669
2206613
2207299
2206562
2206541
2205727
2207030
2207295
2207088
2206610
2205991
2205916
2212135
2205931
2205427
2206983
2206537
2206159
2205354
2205004
2203773
2206596
2206367
2205260
2204866
2208035
2205623
2205612
2205507
2205262
2202323
2206216
2205597
2205493
2204004
2203745
2202851
2202619
2205263
2211306
2205255
2203678
2203634
2205232
2204947
2201875
2206543
2205237
2204868
2203127
2202208
2206554
2205258
2202642
2216973
2203548
2203771
2202599
2202337
2202213
2202352
2202183
2202142
2202054
2201899
2200376
2209393
2203776
2202513
2202357
2202235
2202109
2203998
2203770
2202849
2202609
2219030
2200345
2219044
2203958
2202263
2202185
5698421
2202494
2202483
2202248
2201794
2200763
2200475
2205399
2196414
2203446
2202491
2201495
2200642
2200338
2200384
2201785
2201194
2200975
2202110
2201791
2200573
2206798
2200107
2206755
2206565
2202353
2201980
2200749
2200515
2200336
2199623
2205313
2200106
2200061
2199952
2200609
2200562
2200109
2199645
2201512
2201294
2201012
2200745
2200365
2209404
2201564
2201455
2199774
2199432
2199399
2199187
2200241
2199939
2422585
2199735
2199633
2199455
2199440
2200534
2200351
2199479
2199378
2200179
2199772
2199441
2199356
2199053
2199716
2209639
2209588
2474574
2277647
2199947
2245058
2199945
2202179
2199346
2199021
2198915
2202773
2200057
2199052
2198917
2198826
2198380
2199872
2199546
2199516
2199423
2197591
2200548
2199949
2199527
2199449
2199429
2198774
2199543
2199166
2198651
2198519
2198634
2198108
2197579
2197426
2198576
2198355
2198353
2198040
2197796
2197661
2197629
2196393
2194524
2199054
2198974
2198393
2198045
2197797
2199000
2202012
2198980
2198181
2198158
2211269
3822623
2198159
2197647
2204834
2198311
2198100
2197587
2197550
2197376
2197265
2196240
2195487
2198149
2198104
2198348
2198234
2198036
2197499
2197799
2197594
2197522
2471723
2197721
2197157
2197156
2196788
2197166
2197124
2196829
2196743
2197554
2197214
2197096
2196823
2197546
2197316
2197164
2197118
2197719
2197218
2196832
2196450
2248808
2295469
2196456
2196236
2196835
2196698
2196590
2196540
2196831
2196812
2196494
2195615
2196777
2230952
2383116
2200671
2196993
2196855
2195797
2195306
2196513
2195783
2195623
2195427
2200579
2195768
2195433
2195456
2213156
2195436
2194961
2196529
2196420
2196238
2195630
2196248
2195913
2195618
2445720
2197221
2195266
2195196
2194968
2194848
2196939
2195291
2194387
2195432
2194882
2195402
2195273
2195262
2195260
2195174
2195103
2194392
2195713
2195275
2195264
2194778
2195332
2194701
2194444
2194361
2194709
2194415
2194218
2194316
2195198
2194518
2194406
2194698
2194358
2195132
2194667
2194601
2194437
2194430
2194301
2205762
2192947
2192968
2195640
2194326
2194197
2193450
2193320
2194649
2194205
2352830
3121626
2209488
2467970
2199779
2229419
3121567
2204594
2281064
2314896
2193444
2192886
2192638
2193023
2191782
2193012
2192986
2192631
2192173
2189059
2219376
2192930
2192383
2193003
2192169
2192001
2166048
2192498
2191920
2192639
2192276
2206492
2191780
2192482
2192387
2192313
2192058
2192310
2192236
2192031
2191786
2191355
2192177
2192061
2190103
2192180
2191800
2192513
2191777
2191468
2191899
2191466
2191914
2190505
2190318
2191850
2191415
2190900
2190751
2191919
2191917
2190964
2191911
2190917
2190411
2190349
2197387
2192776
2191104
2191004
2190407
2190382
2191779
2191077
2190271
2189977
2191034
2190602
2190448
2189872
2190322
2190274
2189648
2190310
2189918
2189676
2194725
2194620
2196159
2189631
2191059
2190865
2190557
2194808
2190260
16682256
2190355
2189606
2189627
2189086
2190001
2189610
2192196
2189100
2189642
2189055
2196117
2189646
2189081
2188945
2188368
2189085
2188925
2187811
2189063
2194757
2193054
2189180
2189052
2187781
2196893
2187556
2187464
2187024
2186938
2187174
2187030
2189029
2187963
2187774
2188951
2188876
2186201
2187396
2187515
2188967
2188887
2188188
2187136
2186947
2187585
2187503
2195888
2188196
2187885
2187475
2187276
2186940
2186887
2193173
2190673
2188260
2187627
2187428
2187087
2186900
2186857
2186482
2186451
2187054
2186950
2186565
2185009
2190977
2190799
2186906
2186484
2186536
2185373
2184958
2182684
2198409
2186148
2182844
2190989
2187744
2186810
2186405
2190944
2190721
2186914
2186891
2186715
2186193
2185313
2182836
2185593
2247267
2185868
2186383
2186315
2185897
2185639
2183343
2184139
2183610
2183594
2182735
2186037
2185652
2184859
2184563
2183582
2182711
2186361
2186343
2185842
2185648
2185549
2184892
2184863
2184709
2184533
2171394
2185164
2184684
2184541
2184463
2184082
2185367
2184872
2184535
2184065
2182637
2185351
2184520
2184415
2192008
2193100
2196184
2185419
2184557
2183859
2244775
2184358
2183925
2184873
2184611
2183815
2183767
2183567
2184443
2183814
2183203
2184979
2184356
2184225
2183923
2183820
2189054
2184344
2184094
2183949
2183816
2183196
2183022
2182621
2182531
2183464
2183307
2182443
2181639
2185111
2184624
2183351
2183278
2182809
2193190
2193193
2186478
2184623
2183488
2182709
2182532
2181250
2295566
2182440
2181937
2181627
2182233
2182529
2182518
2182401
2182620
2182523
2182313
2182279
2181253
2182660
2182614
2182063
2198449
2197439
2182613
2182612
2194788
2211257
2182067
2182041
2181478
2182408
2182343
2182061
2182297
2182043
2182065
2181522
2181519
2181474
2181264
2182127
2181163
3048650
2181339
2181282
2181084
2180151
2180597
2184578
2182090
2181113
2180617
2180145
2179575
2179850
2179248
2190748
2180975
2180365
3184141
2181059
2179842
2180974
2180618
2181060
2180518
2185079
2180702
2180542
2179856
2175688
2231326
2180143
2179677
2179434
2179395
2179144
2178272
2179533
2180190
2187726
2179895
2179872
2180284
2179883
2179859
2179881
2178895
2182451
2181086
2180124
2179740
2179259
2179579
2179061
2178920
2178828
2200888
2200767
2177942
2179546
2179220
2181619
2179373
2178905
2178545
2179288
2179240
2179034
2178765
2178697
2200921
2178970
2178527
2178220
2177285
2178981
2178761
2180479
2177554
2178482
2180491
2179561
2178525
2178474
2178523
2177804
2177614
2180488
3800598
2177545
2177457
2178717
2177558
2176712
2238723
2238545
2192208
2191158
2181421
2178221
2178020
2177502
2177301
2177181
2177123
2176308
2175705
2174827
3000427
2177515
2177443
2177148
2193163
2180478
2182847
2181446
2178767
2193157
2189500
2177561
2177507
2177480
2177433
2243948
2254243
2260604
2193165
3121435
2177012
2176858
2176691
2175413
2180472
2176758
2176628
2176377
2176178
2191968
2176720
2176423
2181902
2176352
2176147
2174395
2176668
2176431
2175965
2175352
2176491
2176345
2176278
2176022
2175658
2176185
2176093
2175697
2174721
2173772
2175712
2175164
2176101
2175677
2175371
2175222
2174383
2174143
2175855
2175470
2174689
2178179
2181969
2174986
2174798
2174513
2174086
2174069
2181927
2180503
2177948
2174829
2174741
2174563
2174081
2175152
2174723
2174465
2174203
2174155
2174778
2174711
2174443
2174106
2174084
2173510
2179690
2175170
2174162
2174134
2174102
2173982
2173525
2173415
2173360
2172948
2172800
2181641
2173955
2173708
2173351
2172963
2172787
2172734
2173773
2173631
2172999
2172806
2172748
2174979
2173414
2172975
2172940
2172819
2172798
2172767
2172743
2172425
2173050
2172816
2172754
2172737
2172638
2172524
2171992
2173089
2172572
2172532
2172418
2172388
2172372
2181481
2172543
2172283
2172060
2172239
2172097
2173352
2172616
2172377
2165906
2171415
2171958
2171427
2171955
2171771
2171420
2171392
2170760
2171447
2171402
2171454
2171397
2171051
2170995
2170779
2170751
2168520
2171300
2170795
2170711
2168233
2165916
2170709
2170747
2168522
2170796
2179997
2427629
2170030
2170144
2170109
2170483
2172192
2170101
2170276
2170122
2170084
2170024
2170155
2168738
2168718
2169063
2169111
2169028
2168724
2166906
2169237
2169196
2168720
2169895
2169733
2169152
2168862
2168774
2168709
2169764
2169033
2168979
2168726
2168597
2168231
2168104
2168065
2166936
2171868
2168678
2168320
2168140
2166914
2168138
2168066
2168524
2168136
2168071
2167984
2168748
2169126
2168578
2168235
2166916
2178133
2167714
2167233
2167731
2167427
2167290
2167242
2167194
2195808
2167195
2167229
2171908
2171826
2167248
2167221
2167216
2168668
2166897
2166784
2166707
2166672
2166649
2166660
2166677
2167147
2166780
2166695
2166669
2166643
2179957
2167117
2166864
2166662
2166642
2164359
2167767
2166452
2166282
2166788
2166011
2165919
2164789
2166787
2166541
2165904
2166789
2166480
2165924
2165902
2165534
2165138
2165111
2164780
2163732
2165144
2165129
2165086
2163747
2163736
2165873
2165365
2165232
2165116
2165082
2164810
2164787
2163745
2163734
2161552
2165270
2165135
2163741
2162689
2172577
2165318
2165133
2164805
2163739
2166115
2163772
2163329
2163511
2163324
2163431
2163322
2160604
2163394
2163327
2178173
2163565
2163326
2162692
2160777
2162946
2162869
2162792
2162698
2162694
2162450
2163318
2162748
2160747
2160596
2161489
2162801
2162745
2162681
2295205
2162127
2161995
2162831
2161874
2162137
2162003
2161970
2161915
2162843
2162113
2161873
2424861
2161098
2161662
2160184
2161059
2160940
2166111
2161763
2161614
2160929
2160927
2160934
2160565
2160290
2160176
2158764
2160288
2160175
2158831
2160394
2160294
2160180
2158782
2160729
2160805
2160803
2160720
2172181
2161416
2160293
2160221
2160178
2158674
2160820
2160709
2160598
2160499
2160299
2160217
2160163
2160161
2159570
2159521
2159613
2159580
2159565
2159499
2157853
2172309
2164766
2159573
2159562
2167786
2164764
3543515
2170665
2159897
2159292
2159030
2159002
2158924
2162516
2159210
2159026
2159019
2164450
2162517
2177968
2159612
2159033
2158930
2159021
2164434
2164385
2177118
2166065
2184625
2158856
2168349
2165628
2162603
2171368
2184631
2169408
2167932
2194741
2195900
2204621
2163825
2158839
2158354
2158867
2158435
2158386
2158352
2159038
2158804
2158845
2158827
2158380
2445648
2157633
2157573
2158155
2157628
2157570
2158185
2157561
2164428
2157684
2157646
2157576
2157560
2157171
2166080
2162535
2158187
2157941
2157736
2157094
2156230
2156185
2156096
2162581
2157093
2156472
2156411
2156183
2157578
2157493
2157139
2156468
2156192
2156077
2155024
2157517
2157100
2156232
2155020
2160067
2156559
2156524
2156475
2160334
2156658
2156577
2156498
2156470
2156793
2156533
2162630
2156946
2156597
2156560
2156835
2156814
2156585
2156294
2155706
2155653
2156831
2156812
2156579
2156262
2156830
2156451
2156023
2155740
2155728
2155687
2155636
2156868
2155685
2156815
2156326
2155696
2195848
2155573
2155017
2154858
2154690
2154336
2155233
2155221
2155190
2154876
2155178
2154992
2154750
2154699
2154695
2155603
2155387
2155246
2154904
2154297
2154499
2154418
2154684
2154475
2154363
2154334
2156259
2154408
2154312
2154293
2154658
2154346
2154321
2154291
2154648
2154564
2154431
2154344
2154302
2153813
2153749
2166101
2154642
2153094
2153834
2153808
2153721
2153831
2153760
2153719
2153343
2153758
2153732
2153714
2153882
2153854
2153819
2153757
2153264
2153099
2153104
2153857
2152706
2153102
111187
2149558
2150492
2158222
2169002
2150595
2152940
2152696
2154374
2152695
2152630
2153147
2152709
2152750
4214643
2152707
2152693
2152623
2151881
2151875
2151756
2152368
2151872
2151680
2151668
2152319
2151868
2151749
2158339
2152600
2151892
2151771
2151684
2183633
2164751
2152481
2152464
2151905
2151533
2151199
2151138
2150966
2148535
2152106
2151468
2151245
2151467
2151240
2151218
2156613
2151271
2151257
2151234
2151202
2150968
2176281
2151563
2151166
2151269
2150888
2150754
2150573
2150961
2150880
2150561
2150835
2150591
2150540
2151961
2151379
2150707
2150530
2150908
2150667
2150583
2149683
2150507
2149965
2150669
2150502
2149714
2149681
2149643
2145208
2149677
2149702
2149679
2145174
2162498
2149720
2148840
2148808
2148904
2148870
2148838
2148806
2168995
2148827
2148933
2141943
2148227
2148129
2148095
2148127
2148093
2148372
2148212
2148150
2148108
2148235
2148145
2148100
2148993
2148146
2148103
2148559
2147509
2147327
2147282
2147261
2148545
2147684
2147272
2147135
2147271
2140161
2147156
2147152
2147604
2147343
2147266
2144591
2146210
2146595
2146116
2146026
2146134
2146023
2140560
2140156
2147728
2146998
2146282
2146136
2146025
2151474
2146516
2146509
2145736
2145289
2164409
2156504
2154422
2156170
2196859
2147726
2145856
2193037
2158322
2145285
2144928
2145878
2145724
2144959
2152519
2145091
2145171
2145033
2145053
2145235
2145184
2144684
2144645
2144196
2144168
2144149
2150617
2148898
2145107
2144195
2144707
2144159
2145197
2144169
2144152
2143402
2143371
2143154
2137616
2143382
2137503
2143404
2143310
2143887
2143339
2141763
2135989
2142854
2142812
2142806
2142648
2153871
2148539
2142608
2136801
2136072
2142681
2135887
2142234
3169305
2142523
2142217
2135923
3169253
2142346
2142233
2142168
2142129
2144014
2141765
2141753
2141701
2140828
2141698
2144398
2141999
2141935
2141777
2141688
2141722
2141462
2141451
2140991
2140962
2140708
2141193
2141136
2141469
2141433
2140940
2141453
2133867
2140965
2140305
2140302
2140197
2140138
2140314
2140287
2134649
2140963
2140298
2140163
2140723
2140309
2139781
2139727
2139646
2133427
2140564
2140135
2139742
2139717
2139688
2139615
2307475
2152513
2139778
2139723
2139668
2140409
2139691
2152087
2151508
2139002
2138965
2138943
2138998
2138958
2138962
2133433
2138945
2138482
2138128
2138424
2137933
2132264
2138911
2138344
2138180
2138103
2137928
2137089
2132261
2140128
2138883
2138454
2138305
2138102
2138556
2137281
2137258
2137058
2136812
2136799
2137600
2137321
2136979
2137654
2136888
2138262
2137319
2137472
2137396
2137326
2136508
2137046
2136987
2136949
2136439
2136444
2136429
2136434
2136368
2133869
2136441
2136410
2137535
2137694
2136147
2136104
2136075
2135997
2135876
2135738
2133898
2136055
2135870
1340524
2136783
2136217
2135990
2136191
2135609
2135626
2134846
2135110
2134857
2134838
2134645
2135377
2134845
2133448
2136956
2135423
2134873
2134739
2134644
2134877
2134862
2134840
2134870
2135185
2134307
2134778
2134303
2134655
2134624
2134297
2131260
2134295
2134447
2134305
2135141
2170640
2169009
2619906
2136458
2134015
2133957
2133895
2133436
2134058
2133900
2134112
2133899
2133891
2146154
2133413
2133548
2133351
2133491
2133345
2139269
2133485
2133443
2133620
2134107
2134111
2133332
2132879
2133035
2133099
2133045
2132877
2132684
2134094
2133580
2133335
2133170
2133037
2133185
2133148
2133067
2133027
2132284
2132280
2132578
2132497
2132325
2139522
2168669
2132348
2133140
2132464
2132328
2143982
2132060
2128436
2134999
2132098
2132085
2132246
2357871
3289146
16685318
2148696
2148265
2148286
2142042
2141224
2175428
2154387
2141506
2135978
2160329
2172567
3183803
3183873
2191087
2131786
2131771
2131995
2132017
2131788
2131619
2131272
2136474
2131340
2131395
2131745
2131642
2131601
2131276
2135029
2131066
2130932
2130849
2133356
2130918
2130823
2130930
2131047
2130909
2131053
2129878
2129692
2130422
2130133
2129907
2129917
2132449
2132081
2129981
2129890
2130446
2130313
2129914
2132426
2131193
2130092
2130078
2129923
2129877
2126030
2125078
2129262
2129258
2129273
2129259
2129596
2129265
2144790
2145023
2129356
2128527
2128421
2128374
2177153
2128557
2128369
2132230
2129363
2128412
2128460
2128367
2129776
2128043
2127850
2127607
2127356
2127302
2127337
2127334
2127336
2127333
2136182
2127642
2127358
2131270
2128672
2128203
2127338
2128213
2133352
2127659
2127729
2127201
2127123
2126945
2126716
2127004
2126979
2231943
2128306
2126936
2127677
2127072
2126930
2131629
2127669
2126908
2126721
2148892
2132390
2151513
2126910
2126331
2126245
2126186
2122442
2122427
2126637
2126525
2126296
2126197
2126185
2126852
2126193
2126174
2125061
2235173
2121905
2126188
2121180
2125378
2125396
2125329
2125319
2125146
2121909
2125614
2125326
2125313
2125786
2125647
2125530
2125322
2125312
2125551
2125295
2125332
2125297
2125573
2125310
2125163
2125180
2124908
2124878
2124639
2148346
2124962
2124627
2125243
2124742
2125149
2124958
2124444
2124320
2124246
2123993
2123868
2124006
2131514
2142058
2124185
2124002
2123972
2123954
2123873
2118756
2124841
2123989
2123851
2124178
2124142
2123899
2118928
2118586
2118791
2123977
2123919
2123850
2118902
2134927
2123492
2123477
2121916
2123667
2123642
2118900
2134354
2123494
2123528
2123683
2125888
2123700
2123318
2122815
2122793
2122821
2122819
2122813
2122785
2123416
2122820
2122807
2123061
2122818
2122795
2123796
2118198
2118110
2135970
2122581
2122208
2122135
2121993
2121951
2122255
2122149
2122080
2121982
2122658
2122146
2122152
2121987
2121924
2122443
2122283
2122216
2122167
2121999
2121911
2122440
2158429
2121398
2121383
2121288
2129401
2123459
2121560
2121293
2150946
2121327
2121217
2121396
2121290
2121457
2121376
2121299
2121210
2120927
2121048
2120396
2120411
2132200
2120409
2120359
2123810
2123703
2121046
2120721
2121386
2121121
2121051
2120740
2120398
2120356
2120313
2120073
2121855
2120321
2120118
2119628
2119608
2121861
2121823
2119854
2119781
2119707
2119638
2119613
2119988
2119821
2119751
2119199
2118890
2118991
2118859
2118822
2118795
2119298
2118895
2118858
2118993
2118860
2118904
2118532
2118142
2118735
2118531
2118117
2118181
2118148
2118113
2118111
2120928
2118742
2118167
2118138
2118109
2118538
2117701
2117278
2117240
2117128
2117536
2117228
2117160
2117704
2117622
2117201
2117146
2130757
2120891
2120454
2128197
2128179
2126831
2116529
2116327
2116190
2116418
2152505
2146146
2132376
2131633
2127943
2116527
2116189
2126632
2116422
2116186
2123646
2126838
2116614
2116406
2116330
2116270
2116192
2119606
2128202
2132398
2122614
2116403
2116079
2115785
2115897
2115783
2115692
2115660
2116167
2115675
2116146
2115671
2115643
2114721
2114688
2114655
2114717
2121804
2116792
2115054
2114719
2114651
2115041
2114723
2114659
2115641
2114169
2114123
2114068
2113978
2114043
2114004
2120880
2114210
2114124
2114075
2114013
2114619
2114517
2114162
2114095
2114040
2113991
2114047
2114084
2113695
2113492
2113367
2113312
2113933
2031961
2113449
2113301
2113318
2113293
2116334
2115647
2113572
2113418
2113307
2113243
2121771
2119431
2113295
2121718
2112584
2112572
2113070
2112600
2112566
2112586
2112567
2113677
2113033
2113637
2112654
2112595
2112558
2111679
2110858
2112536
2111764
2111641
2112494
2111649
2111639
2112678
2112530
2112499
2111819
2111645
2119769
2110796
2110664
2110666
2120553
2112064
2111552
2111003
2110673
2114600
2112117
2110831
2110793
2122871
2111931
2111098
2119438
2109652
2109565
2109537
2109671
2109624
2109568
2109538
2109531
2109719
2109544
2109530
2109814
2109630
2109493
2109277
2108846
2110799
2109718
2109511
2109057
2108953
2109438
2108648
2108515
2108880
2107228
2107168
2107139
2107233
2107173
2107156
2107500
2107262
2107162
2107123
2112447
2107166
2107126
2107254
2107158
2120844
2116795
2110114
2107585
2106986
2106479
2106265
2107013
2106816
2106483
2106390
2106325
2106849
2106550
2106513
2108263
2109646
2106475
2106444
2106259
2106952
2106548
2106343
2106283
2121686
2120933
2106324
2106083
2105301
2106218
2106120
2105886
2105283
2106158
2106093
2105461
2105231
2105187
2106758
2106178
2105300
2105233
2105196
2106626
2106219
2105987
2105226
2104595
2104394
2105415
2104635
2104514
2104302
2105401
2105334
2104808
2104414
2104318
2109926
2109638
2105407
2104945
2104347
2104276
2105421
2105399
2105378
2104403
2104308
2111023
2120570
2103768
2103879
2103805
2103554
2104789
2103945
2103681
2103601
2111222
2111171
2105384
2103477
2103297
2103839
2103748
2103567
2115734
2103076
2102288
2102932
2102640
2102274
2102233
2103128
2102946
2102285
2102307
2102289
2103700
2102996
2102770
2102541
2102384
2102286
2102248
2102563
2106454
2147774
2124788
2101839
2101829
2132258
2112988
2102187
2102048
2101518
2121627
2101401
2101052
2104398
2101062
2101407
2101364
2101059
2100989
2101024
2106534
2101095
2100496
2100430
2100389
2100344
2100963
2100794
2100548
2100423
2099984
2100396
2100357
2100855
2100508
2100467
2100335
2101105
2101087
2100970
2100483
2100427
2099576
2100298
2286704
2099543
2099476
2099451
2100965
2099550
2099454
2101523
2105284
2100017
2099654
2099605
2099528
2099530
2098916
2100733
2099280
2098880
2100139
2099182
2098991
2099637
2099274
2098964
2098924
2102717
2101892
2099237
2099179
2099146
2098928
2098899
2099180
2098479
2098327
2098483
2098615
2098438
2098547
2098380
2098323
2162567
2158306
2101657
2105290
2112993
2112339
2115412
2110989
2097761
2097523
2097932
2097782
2100116
2097803
2097756
2126133
2100037
2097958
2097758
2097717
2092506
2231953
2098737
2098210
2097846
2097812
2097191
2099039
2099009
2097647
2097130
2104391
2099012
2098636
2097898
2097309
2123830
2097691
2097142
2155323
2102410
2097313
2096992
2096857
2230122
2096751
2096725
2437765
2096407
2096168
2096128
2098357
2096162
2096119
2096989
2096477
2096140
2096404
2096155
2096544
2096151
2120789
2096303
2095549
2095511
2096319
2096289
2095816
2095801
2095525
2099108
2097706
2095951
2095532
2095352
2095515
2095396
2095949
2095531
2096268
2099060
2095592
2095571
2095429
2095127
2095238
2095001
2094935
2095069
2094968
2095585
2095350
2094828
2095049
2094997
2098035
2100538
2097023
2095065
2094473
2094386
2094358
2094366
2095087
2094391
2094370
2094465
2095067
2094365
2092360
2097017
2093656
2093646
2093651
2093764
2093654
2093643
2092620
2094001
2092394
2093363
2092535
2092500
2095093
2094223
2093399
2092622
2092386
2092084
2092295
2092061
2092281
2092075
2092406
2092079
2092054
2093205
2144078
2091505
2099741
2091547
2267754
2093705
2091534
2091706
2091502
2091672
2091586
2091522
2091077
41829
2091821
2091580
2091079
2091006
2093300
2091459
2091069
2091022
2091607
2091071
2091067
2090899
2088071
2090775
2090086
2090553
2090142
2090095
2090026
2090783
2090524
2090182
2090090
2094142
2091157
2090213
2090170
2090085
2090585
2090094
2090337
2089796
2089757
2089652
2089633
2089671
2089560
2089654
2089634
2123965
2090361
2089849
2089651
2089833
2089854
2089824
2089289
2096428
2089330
2089812
2089282
2089831
2089475
2089299
2089279
2299669
2118014
2623444
2133358
2122629
2088661
2089092
2089109
2089004
2088704
2089006
2088660
2088703
2088225
2088207
2088941
2088821
2099162
2088295
2088231
2088840
2088263
2088244
2088219
2088901
2088250
2088221
2089776
2088825
2088258
2088235
2088218
2088316
2087666
2087557
2087478
2088217
2087484
2145464
2087701
2087863
2087714
2089793
2088177
2087961
2086675
2085621
2088193
2087473
2086740
2087978
2087257
2086710
2086617
2088195
2087960
2087347
2426833
2086700
2087265
2087148
2089332
2086611
2089345
2087107
2086724
2094299
2086613
2094283
2094334
2089435
2088730
2298941
2143859
2139941
2135055
2087151
2129463
2118069
2086774
2086561
2086493
2168234
2101157
2098046
2086568
2096474
2100721
2100239
2134394
1340561
2100499
2097699
2101189
2101125
2096460
2100730
2092417
2089758
2086552
2086489
2094160
2086856
2086817
2092801
2092781
2092429
2137665
2100696
2086266
2086102
2086154
2086104
2086089
2083523
2089481
2086096
2087085
2086098
2094302
2086217
2085784
2085680
2085627
2085472
2085544
2085456
2085458
2085629
2085512
2085453
2087833
2085404
2085247
2085011
2084950
2084931
2085729
2085208
2084957
2084943
2101169
2085443
2084947
2084929
2085641
2085451
2085281
2084936
2085017
2084827
2084619
2084605
2085001
2084733
2084620
2084618
2084740
2084630
2084822
2084746
2084633
2084601
2085021
2085003
2084739
2089478
2084114
2084090
2089361
2084580
2084116
2084094
2080309
2084259
2084121
2084129
2084112
2084107
2426742
2084625
2084399
2084221
2084117
2084098
2083907
2083847
2083761
2083591
2083556
2083535
2083210
2083537
2083525
2084690
2083630
2083478
2083029
2082796
2082641
2082607
2083670
2083636
2083488
2083428
2082708
2082627
2082629
2083653
2083644
2083287
2081877
2082537
2082280
2082132
2082089
2082553
2082361
2082436
2082346
2081894
2081859
2081614
2082483
2084799
2084793
2081510
2081493
2082524
2082299
2081788
2081570
2081498
2082576
2081579
2081507
2081491
2082832
2082563
2081732
2081664
2081482
2144767
2081771
2081443
2081271
2081245
2081041
2080988
2080283
2080259
2081218
2080269
2080963
2080273
2081203
2080267
2085626
2081257
2080940
2080279
2079656
2079394
2082016
2080950
2080922
2080249
2079660
2079733
2079449
2080238
2079658
2079482
2079310
2082010
2080252
2080210
2079456
2079389
2078009
2087822
2102367
2077994
2077948
2077992
2079279
2079206
2078442
2078039
2078000
2077952
2093765
2084652
2079574
2078002
2077972
2078450
2077818
2077762
2077232
2077596
2077258
2077193
2077630
2077236
2077469
2077266
2076898
2078534
2078366
2076911
2078384
2077743
2077144
2077109
2076930
2076886
2076867
2077734
2077313
2077094
2076885
2077748
2077678
2077326
2076933
2082798
2070481
2077333
2076910
2131571
2076424
2076399
2076641
2076458
2076441
2076339
2076863
2076449
2076433
2076404
2076547
2076465
2076445
2076415
2097711
2089350
3174984
2076624
2076549
2076467
2076328
2075743
2075716
2075700
2083108
2076187
2075733
2076332
2076279
2075727
2075739
2083090
2076229
2075741
2083123
2075521
2074900
2075473
2075022
2075541
2075296
2075153
2074995
2074903
2075778
2075476
2075472
2075560
2075481
2074464
2074426
2075263
2074465
2074280
2081627
2074730
3095223
2074290
2075798
2075075
2074493
2081602
2174948
2074481
2074484
2074489
2074199
2074008
2073833
2074467
2074231
2074119
2073889
2073775
2073779
2073786
2073721
2074232
2073933
2073923
2074233
2074196
2073860
2073722
2094130
2073726
2073692
2075034
2073139
2073116
2073663
2073730
2073665
2073249
2073167
2073127
2073028
2073248
2073164
2073125
2072961
2073651
2073403
2073159
2073122
2073653
2073337
2073184
2073146
2073120
2072919
2073800
2072862
2072471
2073645
2073087
2072484
2072479
2072767
2072472
2072469
2071794
2071697
2071662
2088720
2141278
2075035
2073455
2072858
2071839
2071692
2082711
2074748
2074645
2072865
2072324
2071679
2083618
2115787
2071666
2073417
2071664
2082756
2097158
2171584
2071104
2072724
2071293
2072646
2072777
2071190
2075157
2074720
2071022
2070824
2070712
2070816
2070707
2067559
2070694
2070669
2070837
2070783
2071030
2070721
2070684
2070613
2075783
2070141
2070491
2070192
2070154
2070138
2069608
2070151
2070144
2069995
2070188
2070147
2069365
2069457
2069341
2069415
2069416
2069336
2074724
2069243
2069157
2069004
2068663
2068616
2069239
2069107
2069075
2068989
2068603
2069055
2068972
2068883
2068631
2068602
2069159
2069019
2068649
2080863
2080498
2079296
2068083
2080706
2080569
2080371
2080127
2074736
2080039
2078903
2081129
2080534
2080103
2068386
2079866
2079584
2068334
2068262
2070320
2068539
2068346
2068120
2068071
2070251
2068321
2068156
2070261
2068968
2083023
2068179
2071944
2078138
2078062
2077910
2078092
2078025
2067739
2067612
2078076
2078011
2077822
2077846
2068234
2067618
2068223
2068007
2067769
2067624
2067901
2071091
2071991
2071974
2067892
2066978
2066954
2074613
2070283
2067075
2066986
2066965
2066946
2067205
2066985
2066936
2067159
2066981
2066226
2067152
2066376
2066595
2066268
2070271
2066931
2066349
2065895
2067481
2066042
2065907
2067463
2065902
2066636
2066408
2065955
2065898
2071147
2065861
2065540
2065472
2065644
2065532
2065642
2065490
2065657
2065479
2070250
2081594
2062902
2066889
2065647
2065197
2230094
2065981
2065278
2065194
2065193
2065840
2065211
2064917
2075790
2064748
2064731
2065075
2064906
2064742
2064726
2065073
2064830
2064740
2065185
2065071
2064956
2064918
2064738
2064757
2064737
2064111
2064065
2064059
2060987
2064057
2063834
2064413
2064056
2064872
2064072
2064873
2064063
2063562
2063385
2063186
2064558
2063934
2063620
2063557
2063382
2063239
2063185
2064222
2063931
2063230
2063201
2063193
2429969
2070289
2062908
2063635
2062840
2071960
2063089
2062967
2062947
2063085
2074798
2062945
2062443
2062408
2062436
2062418
2062425
2062655
2062448
2062412
2062924
2061891
2061853
2061899
2061882
2061585
2059710
2062186
2061863
2061869
2061893
2065427
2060989
2062145
2061007
2062162
2062156
2061395
2060995
2061259
2060998
2062154
2061721
2060994
2060820
2060137
2060808
2060174
2060133
2060147
2062164
2060163
2060146
2060977
2060799
2060971
2060142
2060461
2057816
2061319
2061478
2060394
2059463
2061446
2061359
2059923
2059461
2059457
2111057
2065809
2065357
2075939
2065342
2063843
2096875
2058429
2057735
2058833
2058699
2058579
2058423
2058821
2058421
2053249
2426819
2059703
2058419
2058509
2058417
2058402
2057964
2063835
2058344
2057803
2057765
2057725
2056684
2058391
2058132
2057722
2057825
2057741
2058847
2058380
2057819
2057748
2057739
2057716
2065783
2057340
2057259
2066879
2057580
2057264
2056691
2052630
2057601
2057247
2056970
2056699
2057056
2056704
2056696
2056694
2057221
2056693
2056398
2056174
2057954
2056745
2056170
2058261
2056165
2056129
2120580
2058259
2056576
2056529
2063865
2055907
2055831
2055496
2055459
2062006
2055894
2106786
2055870
2055541
2055922
2055189
2055046
2054929
2055930
2055173
2054902
2055097
2055029
2054943
2054899
2055720
2054873
2054803
2054546
2053970
2058146
2054773
2054536
2055680
2054612
2054322
2055163
2054883
2054691
2053894
2053637
2054178
431157
2048960
2054150
2053476
1549072
2054175
2054117
2053835
2053623
2053487
2054145
2053653
2053613
2053474
3151626
2054057
2053489
2081299
2054070
2054054
2053379
2054055
2053417
2054052
2053055
2052722
2055219
2132380
2065373
2064200
2074691
2052919
2052750
2052721
2053238
2053050
2052520
2052517
2053138
2053046
2055663
2053205
2053126
2053036
2053026
2052752
2052223
2052295
2051989
2051872
2052355
2051865
2044340
2052248
2051959
2052497
2052098
2052576
2051874
2051459
2074651
2052183
2052176
2051307
2050673
2052179
2051119
2050926
2052191
2051116
2050914
2205576
2054295
2051439
2051060
2042077
2050480
2050286
2050888
2050755
2050476
2050391
2050280
2050254
2050097
2051451
2051192
2050272
2050088
2051466
2051449
2050406
2050303
2050267
2050139
2054571
2050265
2050004
2049994
2049989
2050345
2050294
2050052
2050008
2049937
2049924
2049844
2049792
2052207
2049782
2049949
2049948
2049726
2049947
2049725
2055651
2049556
2048983
2048980
2042912
2049878
2049048
2049873
2048988
2048978
2049900
2048949
2052869
2049219
2048410
2049177
2049073
2048407
2045751
2049195
2048797
2048376
2047891
2047863
2047991
2047816
2048392
2048047
2047926
2047819
2048612
2048400
2047899
2047870
2052816
2048352
2046450
2047601
2047544
2047743
2047709
2061938
2047388
2046918
2046900
2054559
2050036
2047006
2046892
2047646
2047358
2047269
2047454
2046902
2046884
2047626
2046881
2048157
2046819
2046796
2046176
2046152
2046132
2038885
2046169
2046150
2046436
2046160
2046141
2046717
2046199
2046155
2046136
2042596
2046098
2046054
2045593
2185241
2096829
2063876
2045800
2045545
2045310
2045298
2045303
2045854
2041425
2065964
2067475
2134734
2045941
2045291
2045000
2044488
2044479
2044456
2065365
2045280
2044484
2048098
2044973
2046378
2046081
2044602
2044475
2046392
2045247
2044471
2044529
2044135
2043710
2044134
2042914
2044543
2043708
2045326
2045015
2043724
2044207
2044185
2043440
2042932
2042933
2041346
2043365
2043028
2043349
2043323
2046878
2042199
2044503
2042094
2042558
2042524
2042106
2040124
2044229
2043325
2042089
2043016
2042902
2042127
2041500
2041831
2041413
2041350
2041362
2041324
2041329
2041433
2040786
2040649
2040588
2041276
2041252
2040917
2040594
2040590
2040932
2040551
2045027
2041496
2041429
2040558
2044679
2040520
2040966
2039719
2040532
2040477
2040438
2039721
2039728
2040463
2049975
2038739
2040395
2039289
2038724
2038889
2038742
2039137
2038744
2039706
2039358
2038559
2038155
2037927
2037861
2037748
2038556
2037756
2037735
2035442
2038105
2037889
2037813
2037740
2038557
2037964
2037749
2037850
2037753
2037734
2033028
2041364
2037661
2037624
2037381
2037105
2037658
2037691
2037360
2037361
2037216
2037135
2036852
2036735
2036649
2037166
2037053
2036669
2038683
2036632
2036681
2036653
2036543
2036000
2036460
2036015
2036027
2036526
2036401
2035987
2046583
2036025
2036278
2035944
2035628
2035151
2035048
2035762
2035518
2035317
2035071
2035589
2035111
2034980
2034769
2035942
2035131
2035000
2035319
2035091
2034958
2034765
2034374
2034052
2033927
2033911
2033678
2035294
2034764
2034294
2034068
2033944
2033681
2033659
2034425
2034220
2033981
2033672
2034473
2034020
2033674
2033653
2034122
2033961
2033832
2033683
2033660
2040736
2322318
2034562
2033296
2033230
2032866
2032807
2033586
2033250
2033138
2033064
2032964
2044191
2045077
2033270
2033194
2033092
2033014
2032939
2033899
2033845
2033210
2033108
2032847
2032360
2033592
2033268
2033000
2031936
2057926
2032264
2032224
2032115
2032067
2031944
2031932
2032506
2032279
2032132
2032082
2031953
2031934
2031778
2032353
2032254
2032192
2032017
2032330
2032258
2032100
2032052
2032038
2031938
2031930
2032519
2032239
2032172
2031997
2031956
2031720
2031552
2031268
2036074
2031806
2031661
2036149
2036138
2031761
2031693
2031278
2031261
610393
2031794
2031706
2031264
2031923
2031677
1478665
2030574
2030429
2036214
2033855
2030974
2030609
2031777
2031745
2030672
2030295
2030259
2030542
2030962
2030940
2030633
2030477
2030341
2030219
2065842
2030182
2029860
2029682
2029548
2029495
2031757
2029710
2029553
2029581
2029492
2030175
2029805
2029564
2036161
2029538
2029494
2030016
2029322
2029327
2028998
2028922
2041560
2031624
2028892
2036028
2029943
2029490
2029436
2029026
2178024
2029480
2029260
2029184
2029384
2028602
2028270
2028272
2028217
2029459
2029378
2028260
2028233
2029374
2028640
2028243
2029382
2028598
2028265
2028236
2029109
2027908
2027718
2027642
2029117
2028589
2027747
2036034
2040357
2027712
2048151
2102317
2043683
2052861
2065382
2028584
2028016
2027631
2027395
2027253
2027398
2027358
2027914
2027377
2027931
2027393
2028586
2026987
2026047
2027842
2027209
2027191
2026051
2036051
2026395
2026240
2026036
2026021
2022841
2026591
2026985
2026601
2026045
2025238
2027849
2025691
2025325
2025223
2025225
2025201
2024529
2025537
2025027
2024654
2017555
2025535
2025213
2024646
2031772
2027230
2024956
2024661
2024277
2024814
2024435
2024380
2024346
2024057
2021962
2024775
2025193
2023980
2041634
2023602
2024092
2023921
2023565
2023953
2023568
2023491
2022730
2022696
2025195
2023822
2023096
2023041
2022735
2023751
2022834
423278
2022844
2022717
2022851
2021843
2021858
2021753
2025718
2022064
2036243
2021902
2021828
2426733
2022312
2033290
2034585
2021927
2021161
2021101
2021640
2021102
2026487
2026425
2022065
2021507
2021186
2022458
2021464
2021253
2021154
2022241
2022216
2020761
2020162
2020133
2021010
2020686
2020174
2025159
2020959
2020932
2022249
2020144
2020127
2022220
2020131
2031599
2020128
2020744
2020792
2020682
2020673
2020120
2019660
2020674
2019584
3195652
2033342
2020114
2019549
2019643
2019547
2020818
2053822
2019919
2019869
2019745
2019512
2018983
2018935
2017050
2021064
2019545
2018937
2018906
2018329
2019043
2019329
2018928
2019409
2018950
2018921
2020607
2019654
2019431
2019063
2018969
2018931
2019139
2019097
2019931
2018264
2018198
2019647
2018233
2018148
2018334
2018260
2018134
2018152
2018733
2018324
2017603
2017582
2018102
2017782
2017614
2017589
2018722
2017598
2017594
2017641
2017600
2019297
2017052
2017488
2017042
2018312
2017753
2017489
2016870
2016730
2016613
2016332
2016800
2016484
2016256
2016138
2016797
2016681
2016126
2017243
2016697
2016261
2015848
2017727
2015471
2015620
2015490
2015607
2015466
2015846
2015638
2015730
2448986
2017652
2017079
2015270
2014858
2014808
2014739
2014681
2020407
2015023
2014824
2014723
2014706
2015947
2015282
2015182
2014724
2098236
2057794
2015188
2015094
2014964
2014923
2015029
2014914
2025940
2015320
2014961
2146714
2357906
2143947
2043801
2101957
2017692
2021066
2299104
2020365
2020354
2357978
2064115
2017103
2015186
2014917
2014308
2014266
2014225
2010389
2015920
2015375
2014638
2014249
2014224
2015930
2014607
2014462
2014608
2014595
2014359
2014325
2014328
2014291
2013784
2013777
2013727
2014073
2013738
2014193
2013721
2013499
2012497
2012459
2013752
2013532
2013376
2013451
2012465
2013753
2013519
2012432
2013374
2012948
2012538
2012444
2011840
2011787
2011992
2011833
2011781
2012918
2012003
2011795
2011011
2012931
2012013
2011835
2012364
2012021
2011837
2015296
2011002
2012136
2011196
2010992
2011763
2017062
2010986
2011780
2011270
2010990
2010350
2007506
2010581
2010428
2013368
2010559
2010403
2010367
2010476
2010379
2010927
2010386
2048102
2010324
2010081
2009728
2009678
2010320
2010050
2010009
2009712
2009700
2010329
2010030
2009730
2009680
2010339
2009688
2010479
2010343
2010004
2009758
2009698
2009241
2009138
2009183
2009649
2009364
2009193
2009177
2009157
2009421
2009179
2009159
2008839
2008602
2008596
2008313
2008000
2017110
2015394
2004064
2008840
2008622
2008558
2008333
2008305
2007867
2013549
2063813
2010881
2008360
2008009
2008280
2007793
2009021
2008814
2007813
2008571
2008054
2007820
2007778
2008582
2008058
2007785
2010496
2007768
2007729
2007591
2007381
2007283
2007315
2007859
2007484
2007275
2007517
2007410
2007290
2007749
2007568
2007254
2007405
2007297
2007268
2007473
2040547
2006865
2006825
2006997
2006838
2006819
2007165
2007030
2007005
2007010
2006973
2006841
2006993
2006962
2006836
2046019
2036038
2006999
2006989
2006530
2006448
2006167
2006118
2006110
2010064
2008999
2007905
2006967
2006561
2006113
2006255
2006592
2006450
2006129
2006100
2006773
2006102
2006106
2007773
2036230
2006098
2006089
2005833
2005840
2005821
2006027
2005832
2005814
2005891
2019663
2005887
2005236
2005123
2005597
2005289
2005246
2006207
2005730
2005665
2005249
2005114
2005541
2005238
2004121
2005242
2005143
2005104
2005088
2004492
2004473
2004695
2004575
2004305
2005082
2004494
2004464
2039038
2004680
2004558
2004497
2001064
2004393
2004236
2004082
2003833
2004065
2003947
2003872
2003805
2004419
2004392
2004080
2003951
2003878
2003820
2004395
2102064
2003273
2003173
2003377
2002897
2002885
2003564
2003648
2003583
2003517
2003529
2003724
2003604
2003777
2002932
2003512
2002918
2002888
2003050
2003059
2002677
2002649
2002405
2019689
2002641
2002682
2002669
2002355
2005481
2002385
2002347
2002529
2003423
2002020
2002048
2001963
2005490
2005441
2002684
2002028
2001960
2001958
2002050
1700842
2001156
2001031
2001071
2001252
2004063
2002392
2001685
2001062
2001024
2001073
2001053
2001070
2001032
2017721
2029270
2000995
2000697
2000272
2000257
2036228
2003582
2003013
2002939
2000799
2000252
2007986
2015301
2000842
2000787
2000645
2000281
2000247
2002705
2002946
2000016
2000024
2000062
2002246
2000140
2000053
2000032
2000033
2000018
2003074
2000100
1999427
1999625
1999567
1999938
1999851
1998718
2000081
1999931
1998714
1998651
1999910
1999509
1999443
2015359
1998757
1998908
1998780
427555
2007962
1994269
1999610
1999066
1998771
1998744
1999576
1999395
1998727
2040375
2002052
1999503
1998708
1998666
1998174
1998291
1998595
1998307
1998203
1998605
1998176
1998242
1998296
1997721
1997616
1996981
2089364
1997857
1997732
1998157
1995594
1997387
1997054
1997536
1997307
1997009
1996959
1997063
1997049
1997042
1997527
1997072
1997030
1996972
1997058
1996947
1996334
1996255
1995985
1996732
1996338
1996362
1996355
1996021
1998660
1996469
1996169
1996040
1996093
1995889
1995724
1997526
2159071
2033316
1995984
1996215
1996063
1995867
1995566
1996561
1996259
1995900
1995730
1995568
1997117
1995384
1995245
1995161
1995002
1994976
1995015
1995505
1995337
1995142
1995141
1995056
1995036
1995422
1995062
1995005
1994979
1995197
1994991
2535613
1995040
1994954
2012715
1994688
1994478
1994745
1994513
1997095
1994947
1994911
1994944
1994881
1994896
1993937
1993988
1994116
1994059
1993977
1994191
1994150
1994055
1994006
1993931
1989845
1993925
1993772
1993701
1993729
1993712
1995611
1993843
1993759
1993718
1995607
2038976
2025805
1993028
1993047
1993039
2002290
1997146
1993323
1993022
1993700
1993027
1992999
1992325
1993425
1993168
1992880
1992830
1992401
1992319
1992237
1992283
1992266
1990561
2054209
1993105
1993032
1992277
1992252
1992200
1992312
1992213
1992161
1993095
1993029
1992854
1992301
1992238
1992196
1992903
1991835
1991771
1991702
1993203
1991645
1991508
1993263
1993051
1992908
1991999
1991742
1991709
1991846
1991273
1991119
1990947
1990932
1990893
1991093
1990920
2005296
1991667
2203617
1990955
1990896
1992513
1991096
1990937
1990924
1990885
1993253
1993233
1990688
1990098
1993240
1990644
1990053
1990048
1994301
1990238
1990191
1990395
1990340
1993996
1989923
1989789
1989723
1989805
1990107
2081225
1990410
1990344
1989796
1990398
1989720
1989684
1989713
1989673
1989147
1989102
1989075
1989093
1989065
2088722
1989943
1989708
1989466
1989215
1989119
1989091
1989055
1989079
1989052
1989616
1989144
1989070
1989006
1988812
1988706
1988675
1990072
1989022
1988678
1989461
1989185
1988798
1988676
1989424
1989039
1988954
1988821
1988699
1988673
1988948
1988588
1988332
1988158
1987996
1987993
1988944
1988250
1987984
3543438
1988002
1988855
1988592
1988160
1988574
2008264
1987560
1987519
1988920
1988004
1987943
1987788
1987876
1987653
1987526
1986659
1987928
1987842
1987557
1987517
1987731
1987564
1987551
1986657
1990033
1989168
2176067
2006240
1994316
2002265
2120272
2018272
1987293
1987217
1987167
1987131
1987121
1988039
1987154
1987001
2135146
1987137
1987461
1987304
1987201
1987124
1986975
1994313
1986884
1986858
1986690
1986551
1986512
1986498
1986568
1986542
1986556
1986534
1986548
1986496
1986553
1986252
1986051
1986147
1986073
1986241
1986110
1987415
1987232
1986063
1986149
1986100
1985899
1985637
1985579
1985490
1985437
1985267
1985352
1985296
1985224
1987236
1985921
1985626
1985568
1985252
1983811
1985649
1985555
1985438
1985346
1985188
1985815
1985480
1985392
1985236
1985131
1985549
1985152
1985116
1984655
1984631
1984731
1984665
1984649
1988311
1984662
1984647
1987425
1984967
1984652
1986377
1984925
1984761
1984659
1987882
1986340
1984464
1984347
1993270
2043674
1984617
1984550
1984394
1984331
1984669
1984474
1984879
1984445
1983715
1983780
1983714
1981124
1979070
1983745
1983784
1983727
1984909
1984854
1983611
1983388
1983610
1983402
1983357
1983392
1983355
1983427
3348093
1983284
1983145
1982892
1982827
1983243
1983181
1983119
1982818
1984721
1983236
1983169
1982806
1983157
1982834
1982804
1981099
1983125
1982826
1984745
1983007
1982688
1982599
1982680
1982289
1982682
1982285
1984458
1982235
1982197
1982161
1982053
1981929
1981847
1982110
1981920
1981771
1982231
1981970
1981988
1981136
1981103
1981106
1979913
1974806
1984777
1981367
1981101
1981229
1981710
1981395
1983475
1981097
1981295
1980933
1980799
1980743
1991741
1981231
1980925
1980844
1980782
1980726
1980811
1980753
1980366
1979898
1979844
1979808
2017070
1980473
1979822
1979847
1979867
1979833
1980470
1980382
1984405
1979894
1979839
1979504
1980001
1984263
1979902
1979518
1979314
1979454
1979410
1979315
1979133
1984243
1980268
1980301
1978714
1978638
1978572
1979219
1978580
1978730
1978548
1979741
1978564
1979317
1978569
1978423
1977846
1977813
1977040
1978691
1978469
1977807
1978648
1978455
1978252
1977847
1977824
1978483
1977950
1977804
1979929
1978411
1977940
1977830
1977044
1976980
1976972
1976976
1977043
1978843
1977047
1976975
1979956
1976648
1976381
1976334
1976782
1976720
1976532
1976335
1976366
1976850
1976362
1978862
1976152
1975817
1978335
1976486
1976097
1976247
1975807
1978100
1976277
1978106
1987419
1979938
1976570
2175586
1986328
1987249
1976243
1975608
1975091
1975630
1975140
1975663
1975656
1975412
1975507
1975246
1975798
1975658
1975142
1975891
1975709
1975060
1975017
1974708
1975066
1974930
1974883
1974816
1976566
1975064
1974716
1975883
1974699
1975068
1974846
1973953
1975022
1974610
1973927
1974053
1973529
1974024
1973931
1974902
1973442
1973422
1973528
1973907
1973636
1973427
1974820
1974136
1973423
1973049
1972549
1972524
1972519
1973381
1973120
1972531
1973315
1972921
1973390
1972788
1972546
1974193
1973385
1972536
1972455
1972401
1972317
1972457
1972384
1975127
1971859
1980019
1578292
1971360
1972386
2197002
1972313
1971410
1971372
1971355
1972340
1971711
1972489
1972054
1971517
1971387
1981178
1971524
1971319
1971143
1971107
1970905
1973444
1970910
1973476
1971317
1971180
1971307
1971168
1970889
1971015
1970882
1970878
1970875
1970877
1970873
1971281
1970569
1975598
1967162
1970164
1970133
1970427
1970146
1970107
1971293
1970500
1970144
1970101
1970259
1970156
1970395
1970150
1970113
1970074
1998632
1969952
1969568
1969486
1969463
1969700
1970354
1970191
1973912
1971879
1968872
1968790
1969198
1968764
1968723
1968469
1968779
1968731
1969916
1969180
1969074
1968882
1968801
1968717
1976498
1968727
1968549
1968261
1974981
1969421
1968164
1968068
1971846
1968299
1971147
1968297
1968080
2138199
1979921
1967402
1967453
1967405
1967486
1967430
1967401
1967475
1966884
1967536
1966937
1966866
1967663
1966865
1966031
1966871
1966853
1966868
1966800
1966101
1966066
1966027
1966083
1966033
1966803
1967157
1966095
1966060
1978585
1966038
1968215
1967762
1965836
1965180
1965195
1965167
1965688
1965631
1965152
1964783
1965754
1965172
1965358
1965170
1981894
1967745
1965356
1964903
1965491
1964884
1967757
1964909
1962611
1972620
1965694
1964907
1972710
1685622
2146266
1685499
1974504
1974425
1685606
1685526
1964838
1974532
1974456
1974394
1964836
1685590
1974441
1974488
1974410
1974349
1964840
1974472
2148306
1964729
1964715
2169081
2146424
1972553
2182478
2101112
1988556
2084660
2143670
1998653
1984739
2015312
1978065
3149783
1984600
1964778
1964632
1965642
1965579
1964639
1964637
1965604
1967753
1965654
1965592
1964553
1964468
1964136
1978893
1964443
1964332
1964572
1964470
1964055
1964648
1964446
1964415
1963985
1964498
1964164
1964264
1963860
1963284
1963410
1963307
1963275
1964236
1964003
1964102
1963361
1963282
1963280
1964375
1963057
1963041
1962830
1962460
1962528
2149815
1962463
1962994
1962827
1962481
2100664
1962586
1962475
1962239
1961788
1961488
1962084
1961751
1961458
1966769
1962281
1962182
1961494
1967001
1961469
1961763
1964692
1963609
1961439
1961408
1961131
1960872
1961444
1961216
1960955
1961992
1960878
1962013
1961088
1960870
1960501
1960505
1960805
1961602
1960463
1960447
1960483
1960186
1961586
1960811
1960703
1960888
1960467
1960359
1959747
1960649
1960547
1960190
1959772
1959720
1960442
1959756
1960306
1960104
1959796
1959735
1960561
1960276
1960192
1959775
1963355
3349854
1959219
1960880
1960361
1959663
1959592
2186195
1959578
1959212
1961053
1959497
1959244
1958356
1959157
1958333
1959118
1958807
1958773
1958676
1958448
1958318
1959095
1959000
1958760
1958349
1958308
1960718
1958346
1958363
1957970
1957210
1957983
1958366
1958251
1957969
1957455
1967348
1963594
1958098
1957355
1958136
1957465
1955896
1958026
1957438
1955967
1958082
1958004
1957430
1957207
1956121
1961372
1958151
1958066
1957450
1957205
1957022
1956798
1956767
1956456
1955944
1959389
1957700
1957025
1956480
1956446
1957184
1956476
1956443
1957643
1957018
1956483
1956453
1957625
1956782
1956482
1956448
1956428
1955897
1869594
1960336
1955972
1955832
1955740
1956551
1956519
1956094
1955968
1955744
1955670
1956544
1956508
1956497
1955743
1956600
1956521
1955777
1955734
1951947
1956679
1956520
1955704
1968248
1956074
1956038
1955870
1955453
1955041
1954645
1956058
1956008
1955836
1955476
1955278
1955113
1954677
1954648
1956048
1954674
1954647
1956028
1955360
1956018
1955634
1954652
1953945
2018290
1955433
1955322
1953983
1953933
1955155
1954843
1954159
1955103
1954573
1955929
1954768
1954287
1953928
1955178
1954876
1966666
1952239
1953876
1953067
1953036
1953719
1953058
1956778
1953570
1953040
1954122
1953861
1953698
1953632
1953064
1953063
1963652
1963415
1952336
1952293
1952250
1956130
1954124
1953297
1953267
1952925
1952499
1952341
1953314
1953270
1952756
1952362
1952297
1952243
1954040
1952240
1953303
1953268
1953194
1953080
1952880
1952390
1952295
1952265
1952333
1952292
1952301
1952248
1952170
1951860
1952013
1952076
1951948
1951872
1952413
1950911
1950785
2392659
1952015
1951961
1951699
1950809
1951956
1951730
1951172
1951706
1950813
1950412
1949647
1953160
1950219
1949741
1949682
1948695
1958285
1971074
1949666
1950594
1950575
1950273
1949639
1957043
1953136
1952020
1951374
1950356
1949745
1949688
1995587
1952695
1982939
1963643
1979053
1978905
1978985
1978999
1951227
1950611
1948682
1948653
1951747
1950474
1949627
1949560
1949421
1949629
1949396
1947808
1948568
1948539
1948197
1947721
1947515
1948782
1948194
1947766
1947719
1946796
1948833
1947737
1947784
1947725
1948155
1946730
1948206
1946254
1960971
1946496
1945858
1952222
1946574
1946226
1946118
1945879
1960130
1946104
1945862
1947181
1945855
1945880
1940568
1946203
1945153
1945169
1948883
1945821
1946170
1946130
1945792
1945634
1945151
1945171
1945758
1945606
1949591
1949472
1944699
1944437
1944433
1945425
1945087
1944420
1945291
1944538
1944427
1951167
1951140
1951133
1951111
1951005
1948835
1943658
1943616
1943610
2025990
1951178
1951176
1951154
1951119
1951054
1950937
1949013
1943607
1943635
1951141
1951137
1951115
1951026
1948986
1944500
1943936
1951187
1951164
1951127
1951105
1951086
1950981
1949692
1948936
1943663
1943624
1951177
1951159
1951124
1951099
1951070
1950965
1949520
1948886
1954758
1943927
1943604
1944874
1944890
1943280
1944863
1944821
1943700
2002541
1943689
1942979
1942616
1942194
1941468
1941134
1941109
1943677
1942792
1942603
1941133
1941105
1941141
1944741
1944248
1942698
1942233
1941512
1941136
1941113
1942665
1941131
1940756
1940952
1940573
1940805
1940571
1941339
1940837
1940818
1940725
5231915
1940896
1939695
1939692
1941548
1939688
1940121
1939724
1939684
1941452
1939827
1939687
1939676
1938414
1938398
1938426
1938792
1938410
1938383
1940157
1939782
1939067
1938378
1940214
1938291
1938101
1937815
1938391
1937790
1937969
1937930
1937859
1937772
1938439
1942280
1940161
1940732
1937663
1937605
1937520
1940730
1937699
1937143
1937177
1937962
1937730
1937694
1937173
1951495
1937623
1937313
1937165
2014213
1936857
1937125
1936983
1936654
1936599
1937041
1936594
2434329
1936669
1937127
2000503
1935405
1935399
1935539
1935435
1930317
1935567
1935406
1935068
1934853
1934672
1934658
1936603
1936349
1934773
1934663
1936310
1934689
1934947
1933901
1933850
1933816
1938994
1933968
1933813
16097903
1933014
1933013
1933009
1932251
1935038
1933805
1933611
1933046
1935077
1933509
1933254
1933034
1932720
1932294
1932262
1933410
1933507
1932698
1932304
1934750
1932317
1934726
1993055
1993115
1932535
1981883
1960678
1993660
1812899
1993178
1932463
1931592
1932896
1931978
1939000
1932876
1932781
1931651
1931620
1934122
1932341
1931463
1931425
1930577
1934261
1934101
1932492
1931077
1930520
1940701
1939075
1940720
1936126
1934289
1934140
1931486
1930591
1930605
1932248
1929901
1931217
1930257
1930864
1930770
1930076
1930110
1930071
1930647
1930063
1930838
1930464
1930067
1930079
1927894
1925707
1929163
1929079
1930810
1930921
2392654
1929894
1929622
1930086
1929433
1929826
1929488
1929413
1930142
1929468
1928633
1928491
1929264
1929177
1929058
1928488
1930632
1928360
1927862
1927668
1928817
1927667
1947012
1928437
1927661
1932368
1927558
1927206
1927049
1926442
1928029
1928230
1927022
1926435
1930830
1928708
1927669
1926465
1926409
1925850
1926431
1925712
1925421
1927293
1925369
1925279
1925062
1925215
1925146
1925067
1925265
1925187
1925054
1925690
1925317
1925140
1925260
1925047
1924555
1924381
1941585
1928713
1925549
1925254
1924378
1953174
1924755
1924558
1924400
1924220
1924706
1931849
1930774
1930732
1924211
1923831
1923789
1923819
1930652
1923816
1925798
1922989
1923837
1923533
1923118
1923062
1923518
1923431
1923293
1929923
1923503
1923461
1922981
1934715
1926693
1922716
1922511
1922194
1936998
2005386
1923927
1922305
1922300
1922333
1924719
1921872
1922279
1922205
1922276
1921561
1922272
1922109
1922102
1921689
1921559
1921274
1920762
1920737
1922032
1921064
1920792
1924009
1921642
1920738
1918296
1921118
1921046
1935368
1920752
1918292
1919874
1919776
1919855
1918267
1919633
1919049
1919033
1919038
1945632
1920742
1919018
1919636
1919330
1919040
1919029
1929104
1920726
1920712
1918783
1918657
1918249
5393114
1919064
1918678
1918231
1920686
1918589
1920717
1920663
1918287
1918269
1918169
1918150
